NOTE:
The classifier printed this very often - ConvergenceWarning: Stochastic Optimizer: Maximum iterations (200) reached and the optimization hasn't converged yet.
  % self.max_iter, ConvergenceWarning)

classifier: mlp
method: oos-binary
dataset_size: binary_undersample
30 times random select 3 intents
accuracy: 1.9
recall: 25.5
far: 74.5
frr: 8.4
accuracy list: [1.7333333333333332, 1.911111111111111, 1.866666666666667, 1.9555555555555555, 1.866666666666667, 1.6888888888888887, 1.9333333333333333, 1.9333333333333333, 1.6666666666666667, 1.7777777777777777, 1.9555555555555555, 1.8444444444444443, 1.7777777777777777, 1.911111111111111, 1.6, 1.8222222222222224, 1.8222222222222224, 1.9555555555555555, 1.9777777777777776, 1.9777777777777776, 1.7777777777777777, 1.866666666666667, 1.8222222222222224, 1.9555555555555555, 1.7333333333333332, 1.7999999999999998, 1.911111111111111, 1.9333333333333333, 1.9555555555555555, 1.911111111111111]
recall list: [22.0, 24.4, 26.0, 27.800000000000004, 26.200000000000003, 27.1, 23.5, 23.9, 18.3, 24.6, 26.200000000000003, 24.5, 25.7, 26.5, 28.000000000000004, 23.3, 21.5, 27.400000000000002, 27.500000000000004, 25.8, 22.7, 28.299999999999997, 25.5, 25.0, 24.8, 28.599999999999998, 25.8, 27.6, 25.900000000000002, 29.4]
far list: [78.0, 75.6, 74.0, 72.2, 73.8, 72.89999999999999, 76.5, 76.1, 81.69999999999999, 75.4, 73.8, 75.5, 74.3, 73.5, 72.0, 76.7, 78.5, 72.6, 72.5, 74.2, 77.3, 71.7, 74.5, 75.0, 75.2, 71.39999999999999, 74.2, 72.39999999999999, 74.1, 70.6]
frr list: [7.511111111111111, 8.466666666666667, 8.466666666666667, 8.88888888888889, 8.88888888888889, 10.022222222222222, 7.866666666666666, 8.333333333333332, 7.044444444444445, 8.799999999999999, 7.6, 8.022222222222222, 8.911111111111111, 8.666666666666668, 9.355555555555556, 7.955555555555556, 6.755555555555555, 8.955555555555556, 8.155555555555557, 8.955555555555556, 7.133333333333333, 8.622222222222224, 7.155555555555555, 8.644444444444446, 8.444444444444445, 10.311111111111112, 7.6, 8.177777777777779, 9.066666666666666, 8.6]


classifier: mlp
method: oos-binary
dataset_size: binary_undersample
30 times random select 6 intents
accuracy: 3.7
recall: 30.4
far: 69.6
frr: 9.8
accuracy list: [3.7555555555555555, 3.711111111111111, 3.5555555555555554, 3.7555555555555555, 3.8666666666666667, 3.5111111111111115, 3.4222222222222225, 3.8666666666666667, 3.822222222222222, 3.822222222222222, 3.911111111111111, 3.5333333333333337, 3.711111111111111, 3.4888888888888885, 3.4888888888888885, 3.6222222222222227, 3.7777777777777777, 3.4888888888888885, 3.8, 3.6222222222222227, 3.4666666666666663, 3.7555555555555555, 3.822222222222222, 3.4444444444444446, 3.7777777777777777, 3.888888888888889, 3.822222222222222, 3.6888888888888887, 3.844444444444445, 3.5555555555555554]
recall list: [27.200000000000003, 30.5, 32.4, 33.0, 35.5, 28.799999999999997, 32.4, 32.4, 30.2, 33.300000000000004, 29.799999999999997, 30.3, 30.7, 32.2, 25.7, 30.4, 26.200000000000003, 30.099999999999998, 25.6, 32.7, 33.0, 32.2, 26.6, 28.599999999999998, 30.0, 29.2, 32.800000000000004, 29.4, 28.299999999999997, 32.1]
far list: [72.8, 69.5, 67.60000000000001, 67.0, 64.5, 71.2, 67.60000000000001, 67.60000000000001, 69.8, 66.7, 70.19999999999999, 69.69999999999999, 69.3, 67.80000000000001, 74.3, 69.6, 73.8, 69.89999999999999, 74.4, 67.30000000000001, 67.0, 67.80000000000001, 73.4, 71.39999999999999, 70.0, 70.8, 67.2, 70.6, 71.7, 67.9]
frr list: [8.977777777777778, 8.799999999999999, 10.333333333333334, 10.911111111111111, 11.133333333333335, 10.066666666666666, 9.755555555555556, 9.822222222222223, 9.066666666666666, 9.955555555555556, 9.71111111111111, 10.777777777777779, 9.88888888888889, 9.577777777777778, 8.911111111111111, 10.28888888888889, 8.244444444444445, 9.755555555555556, 8.466666666666667, 10.311111111111112, 10.511111111111111, 11.022222222222222, 9.71111111111111, 9.533333333333333, 9.577777777777778, 9.822222222222223, 10.044444444444444, 9.466666666666667, 9.177777777777777, 9.2]


classifier: mlp
method: oos-binary
dataset_size: binary_undersample
30 times random select 9 intents
accuracy: 5.5
recall: 32.4
far: 67.6
frr: 10.1
accuracy list: [5.444444444444444, 5.7555555555555555, 5.444444444444444, 5.666666666666666, 5.6000000000000005, 5.511111111111111, 5.866666666666666, 5.866666666666666, 5.577777777777778, 5.533333333333333, 5.377777777777778, 5.533333333333333, 5.555555555555555, 5.622222222222222, 5.688888888888889, 5.622222222222222, 5.444444444444444, 5.511111111111111, 5.111111111111112, 5.511111111111111, 5.2444444444444445, 5.466666666666667, 5.511111111111111, 5.4, 5.511111111111111, 5.488888888888889, 5.333333333333334, 5.4, 5.311111111111111, 5.822222222222222]
recall list: [33.6, 35.3, 32.800000000000004, 26.900000000000002, 32.800000000000004, 33.2, 34.8, 33.0, 32.800000000000004, 32.5, 33.800000000000004, 34.0, 27.900000000000002, 32.4, 31.8, 33.2, 35.699999999999996, 36.8, 31.2, 33.900000000000006, 29.4, 30.5, 31.3, 34.1, 30.8, 33.6, 31.900000000000002, 32.2, 30.0, 30.4]
far list: [66.4, 64.7, 67.2, 73.1, 67.2, 66.8, 65.2, 67.0, 67.2, 67.5, 66.2, 66.0, 72.1, 67.60000000000001, 68.2, 66.8, 64.3, 63.2, 68.8, 66.10000000000001, 70.6, 69.5, 68.7, 65.9, 69.19999999999999, 66.4, 68.10000000000001, 67.80000000000001, 70.0, 69.6]
frr list: [10.133333333333333, 10.311111111111112, 10.711111111111112, 9.133333333333333, 9.71111111111111, 9.955555555555556, 11.644444444444444, 11.755555555555555, 10.68888888888889, 11.022222222222222, 10.933333333333334, 9.466666666666667, 10.42222222222222, 9.555555555555555, 8.622222222222224, 9.666666666666666, 10.577777777777778, 10.888888888888888, 11.155555555555557, 9.8, 9.822222222222223, 9.688888888888888, 9.777777777777779, 10.11111111111111, 10.533333333333333, 9.555555555555555, 9.177777777777777, 9.044444444444444, 10.222222222222223, 9.177777777777777]


classifier: mlp
method: oos-binary
dataset_size: binary_undersample
30 times random select 12 intents
accuracy: 7.3
recall: 34.2
far: 65.8
frr: 10.5
accuracy list: [6.977777777777777, 7.488888888888889, 6.977777777777777, 7.3999999999999995, 7.6, 7.2666666666666675, 7.177777777777777, 7.311111111111111, 7.244444444444445, 7.177777777777777, 7.177777777777777, 7.022222222222223, 7.533333333333333, 7.644444444444444, 7.377777777777777, 7.111111111111111, 7.444444444444444, 7.422222222222222, 7.311111111111111, 7.199999999999999, 6.844444444444445, 7.2666666666666675, 7.555555555555555, 7.377777777777777, 7.066666666666667, 7.422222222222222, 7.333333333333333, 7.177777777777777, 7.133333333333333, 7.333333333333333]
recall list: [33.300000000000004, 33.0, 34.5, 36.199999999999996, 34.4, 35.199999999999996, 32.5, 33.6, 31.900000000000002, 33.6, 33.4, 35.6, 36.4, 32.0, 33.7, 33.0, 32.2, 35.6, 30.7, 36.4, 37.9, 33.2, 32.6, 36.5, 37.1, 30.8, 34.0, 35.699999999999996, 36.5, 33.1]
far list: [66.7, 67.0, 65.5, 63.800000000000004, 65.60000000000001, 64.8, 67.5, 66.4, 68.10000000000001, 66.4, 66.60000000000001, 64.4, 63.6, 68.0, 66.3, 67.0, 67.80000000000001, 64.4, 69.3, 63.6, 62.1, 66.8, 67.4, 63.5, 62.9, 69.19999999999999, 66.0, 64.3, 63.5, 66.9]
frr list: [10.377777777777778, 11.355555555555556, 11.444444444444445, 11.0, 10.444444444444445, 10.177777777777777, 9.755555555555556, 9.266666666666666, 11.422222222222222, 9.755555555555556, 10.533333333333333, 10.888888888888888, 11.799999999999999, 10.377777777777778, 10.266666666666667, 10.955555555555556, 9.333333333333334, 10.155555555555555, 9.88888888888889, 11.244444444444444, 10.68888888888889, 9.777777777777779, 9.844444444444445, 10.6, 11.755555555555555, 10.222222222222223, 10.066666666666666, 10.311111111111112, 11.288888888888888, 9.355555555555556]


classifier: mlp
method: oos-binary
dataset_size: binary_wiki_aug
30 times random select 3 intents
accuracy: 1.9
recall: 18.1
far: 81.9
frr: 10.1
accuracy list: [1.911111111111111, 1.866666666666667, 1.7555555555555558, 1.7555555555555558, 1.9333333333333333, 1.9555555555555555, 1.9333333333333333, 2.0, 1.911111111111111, 1.9777777777777776, 1.8888888888888888, 1.911111111111111, 1.6666666666666667, 1.9333333333333333, 1.7111111111111112, 1.911111111111111, 1.8888888888888888, 1.9333333333333333, 1.6444444444444446, 1.7777777777777777, 1.8888888888888888, 2.0, 1.9555555555555555, 1.911111111111111, 1.9555555555555555, 1.9777777777777776, 1.866666666666667, 1.8444444444444443, 1.866666666666667, 1.8888888888888888]
recall list: [18.0, 18.9, 17.0, 18.9, 17.1, 18.9, 19.7, 16.7, 18.2, 17.4, 16.7, 19.0, 20.0, 15.9, 15.9, 17.5, 20.1, 20.200000000000003, 20.200000000000003, 20.1, 17.2, 18.099999999999998, 20.200000000000003, 18.8, 18.0, 14.299999999999999, 18.2, 17.7, 16.7, 18.099999999999998]
far list: [82.0, 81.10000000000001, 83.0, 81.10000000000001, 82.89999999999999, 81.10000000000001, 80.30000000000001, 83.3, 81.8, 82.6, 83.3, 81.0, 80.0, 84.1, 84.1, 82.5, 79.9, 79.80000000000001, 79.80000000000001, 79.9, 82.8, 81.89999999999999, 79.80000000000001, 81.2, 82.0, 85.7, 81.8, 82.3, 83.3, 81.89999999999999]
frr list: [10.6, 10.711111111111112, 8.955555555555556, 9.177777777777777, 9.844444444444445, 10.955555555555556, 9.911111111111111, 8.31111111111111, 11.022222222222222, 10.644444444444444, 10.644444444444444, 9.666666666666666, 10.244444444444445, 9.288888888888888, 9.444444444444445, 9.377777777777778, 10.911111111111111, 9.777777777777779, 10.844444444444443, 10.088888888888889, 10.022222222222222, 10.266666666666667, 10.711111111111112, 8.177777777777779, 10.555555555555555, 10.444444444444445, 10.511111111111111, 10.866666666666665, 10.42222222222222, 9.777777777777779]


classifier: mlp
method: oos-binary
dataset_size: binary_wiki_aug
30 times random select 6 intents
accuracy: 3.8
recall: 18.5
far: 81.5
frr: 8.3
accuracy list: [3.822222222222222, 3.844444444444445, 3.6888888888888887, 3.711111111111111, 3.844444444444445, 3.888888888888889, 3.7555555555555555, 3.888888888888889, 3.822222222222222, 3.8, 3.822222222222222, 3.844444444444445, 3.5777777777777775, 3.888888888888889, 3.733333333333334, 3.711111111111111, 3.711111111111111, 3.7777777777777777, 3.933333333333333, 3.711111111111111, 3.6222222222222227, 3.9555555555555553, 3.5555555555555554, 3.8666666666666667, 3.822222222222222, 3.7555555555555555, 3.911111111111111, 3.8, 3.5777777777777775, 3.7555555555555555]
recall list: [18.7, 20.4, 18.5, 18.6, 22.400000000000002, 19.3, 18.8, 18.2, 20.3, 18.0, 18.7, 19.1, 16.3, 18.4, 17.5, 17.4, 18.4, 18.2, 18.0, 20.1, 20.5, 18.5, 16.8, 16.1, 18.3, 18.5, 17.5, 17.8, 19.900000000000002, 16.6]
far list: [81.3, 79.60000000000001, 81.5, 81.39999999999999, 77.60000000000001, 80.7, 81.2, 81.8, 79.7, 82.0, 81.3, 80.9, 83.7, 81.6, 82.5, 82.6, 81.6, 81.8, 82.0, 79.9, 79.5, 81.5, 83.2, 83.89999999999999, 81.69999999999999, 81.5, 82.5, 82.19999999999999, 80.10000000000001, 83.39999999999999]
frr list: [9.244444444444444, 8.133333333333333, 8.466666666666667, 9.244444444444444, 9.777777777777779, 8.666666666666668, 7.377777777777777, 8.644444444444446, 8.355555555555554, 7.488888888888889, 8.933333333333334, 8.333333333333332, 8.466666666666667, 7.955555555555556, 8.288888888888888, 7.7555555555555555, 6.822222222222223, 7.6, 8.31111111111111, 7.644444444444444, 7.888888888888888, 8.688888888888888, 9.288888888888888, 6.688888888888888, 8.333333333333332, 7.488888888888889, 9.822222222222223, 8.6, 8.933333333333334, 7.511111111111111]


classifier: mlp
method: oos-binary
dataset_size: binary_wiki_aug
30 times random select 9 intents
accuracy: 5.7
recall: 20.3
far: 79.7
frr: 7.6
accuracy list: [5.800000000000001, 5.466666666666667, 5.622222222222222, 5.4, 5.688888888888889, 5.822222222222222, 5.466666666666667, 5.800000000000001, 5.777777777777778, 5.7555555555555555, 5.666666666666666, 5.711111111111111, 5.488888888888889, 5.555555555555555, 5.466666666666667, 5.555555555555555, 5.466666666666667, 5.533333333333333, 5.888888888888888, 5.733333333333333, 5.688888888888889, 5.688888888888889, 5.644444444444444, 5.733333333333333, 5.733333333333333, 5.733333333333333, 5.688888888888889, 5.777777777777778, 5.733333333333333, 5.622222222222222]
recall list: [19.1, 21.9, 20.3, 23.3, 20.599999999999998, 22.2, 20.8, 18.3, 19.8, 18.4, 19.1, 22.900000000000002, 19.1, 25.3, 19.0, 20.5, 18.5, 18.5, 21.2, 19.8, 23.3, 18.7, 18.7, 19.900000000000002, 19.2, 18.7, 21.3, 19.900000000000002, 18.2, 21.4]
far list: [80.9, 78.10000000000001, 79.7, 76.7, 79.4, 77.8, 79.2, 81.69999999999999, 80.2, 81.6, 80.9, 77.10000000000001, 80.9, 74.7, 81.0, 79.5, 81.5, 81.5, 78.8, 80.2, 76.7, 81.3, 81.3, 80.10000000000001, 80.80000000000001, 81.3, 78.7, 80.10000000000001, 81.8, 78.60000000000001]
frr list: [7.177777777777777, 8.733333333333333, 7.488888888888889, 8.177777777777779, 6.866666666666667, 8.222222222222223, 6.622222222222223, 7.822222222222222, 7.355555555555555, 6.800000000000001, 7.511111111111111, 7.9111111111111105, 8.266666666666666, 8.488888888888889, 7.000000000000001, 6.71111111111111, 7.644444444444444, 7.333333333333333, 9.044444444444444, 6.755555555555555, 8.977777777777778, 7.977777777777778, 8.755555555555555, 6.9111111111111105, 7.155555555555555, 7.088888888888889, 7.644444444444444, 8.022222222222222, 6.888888888888889, 7.888888888888888]


classifier: mlp
method: oos-binary
dataset_size: binary_wiki_aug
30 times random select 12 intents
accuracy: 7.6
recall: 20.7
far: 79.3
frr: 6.5
accuracy list: [7.466666666666668, 7.333333333333333, 7.711111111111111, 7.3999999999999995, 7.422222222222222, 7.622222222222222, 7.5777777777777775, 7.733333333333333, 7.666666666666666, 7.533333333333333, 7.488888888888889, 7.555555555555555, 7.533333333333333, 7.9111111111111105, 7.5777777777777775, 7.422222222222222, 7.511111111111111, 7.244444444444445, 7.5777777777777775, 7.777777777777778, 7.333333333333333, 7.355555555555555, 7.777777777777778, 7.533333333333333, 7.777777777777778, 7.555555555555555, 7.6, 7.533333333333333, 7.533333333333333, 7.511111111111111]
recall list: [21.4, 20.5, 19.3, 17.7, 16.7, 21.099999999999998, 21.099999999999998, 22.2, 21.6, 17.0, 21.5, 21.7, 20.7, 18.2, 20.8, 19.5, 21.5, 20.5, 21.2, 18.2, 20.1, 20.599999999999998, 21.4, 23.3, 22.1, 24.6, 19.5, 22.3, 20.200000000000003, 23.799999999999997]
far list: [78.60000000000001, 79.5, 80.7, 82.3, 83.3, 78.9, 78.9, 77.8, 78.4, 83.0, 78.5, 78.3, 79.3, 81.8, 79.2, 80.5, 78.5, 79.5, 78.8, 81.8, 79.9, 79.4, 78.60000000000001, 76.7, 77.9, 75.4, 80.5, 77.7, 79.80000000000001, 76.2]
frr list: [6.044444444444444, 6.155555555555556, 5.488888888888889, 6.044444444444444, 5.377777777777778, 6.533333333333332, 6.466666666666667, 6.555555555555556, 7.311111111111111, 5.333333333333334, 7.244444444444445, 6.71111111111111, 6.622222222222223, 5.977777777777778, 6.755555555555555, 6.088888888888889, 7.000000000000001, 6.355555555555556, 6.822222222222223, 6.533333333333332, 6.022222222222222, 6.666666666666667, 6.7333333333333325, 6.822222222222223, 7.422222222222222, 6.51111111111111, 6.955555555555555, 6.933333333333333, 7.488888888888889, 6.755555555555555]


