classifier: mlp
method: oos-threshold
dataset_size: data_full
30 times random select 3 intents
accuracy: 92.1
recall: 55.9
far: 44.1
frr: 7.3
accuracy list: [86.66666666666667, 87.77777777777777, 100.0, 92.22222222222223, 97.77777777777777, 95.55555555555556, 98.88888888888889, 85.55555555555556, 82.22222222222221, 97.77777777777777, 85.55555555555556, 91.11111111111111, 97.77777777777777, 94.44444444444444, 93.33333333333333, 90.0, 97.77777777777777, 98.88888888888889, 86.66666666666667, 96.66666666666667, 94.44444444444444, 96.66666666666667, 90.0, 90.0, 98.88888888888889, 74.44444444444444, 96.66666666666667, 87.77777777777777, 92.22222222222223, 85.55555555555556]
recall list: [52.0, 87.8, 0.2, 72.5, 15.1, 10.100000000000001, 3.2, 91.0, 86.8, 17.4, 96.0, 87.5, 5.5, 33.4, 74.7, 72.2, 42.9, 4.3999999999999995, 81.3, 68.60000000000001, 65.5, 49.7, 71.5, 49.4, 39.900000000000006, 95.19999999999999, 51.300000000000004, 81.6, 89.2, 80.9]
far list: [48.0, 12.2, 99.8, 27.500000000000004, 84.89999999999999, 89.9, 96.8, 9.0, 13.200000000000001, 82.6, 4.0, 12.5, 94.5, 66.60000000000001, 25.3, 27.800000000000004, 57.099999999999994, 95.6, 18.7, 31.4, 34.5, 50.3, 28.499999999999996, 50.6, 60.099999999999994, 4.8, 48.699999999999996, 18.4, 10.8, 19.1]
frr list: [12.222222222222221, 12.222222222222221, 0.0, 7.777777777777778, 0.0, 0.0, 0.0, 14.444444444444443, 17.77777777777778, 1.1111111111111112, 14.444444444444443, 8.88888888888889, 0.0, 3.3333333333333335, 6.666666666666667, 10.0, 2.2222222222222223, 0.0, 13.333333333333334, 3.3333333333333335, 5.555555555555555, 3.3333333333333335, 10.0, 8.88888888888889, 1.1111111111111112, 25.555555555555554, 2.2222222222222223, 11.11111111111111, 7.777777777777778, 14.444444444444443]


classifier: mlp
method: oos-threshold
dataset_size: data_full
30 times random select 6 intents
accuracy: 95.1
recall: 54.5
far: 45.5
frr: 3.6
accuracy list: [89.44444444444444, 93.33333333333333, 94.44444444444444, 86.11111111111111, 95.0, 91.66666666666666, 95.55555555555556, 98.88888888888889, 99.44444444444444, 96.66666666666667, 95.0, 93.88888888888889, 98.88888888888889, 97.77777777777777, 94.44444444444444, 98.88888888888889, 95.0, 96.11111111111111, 95.55555555555556, 88.88888888888889, 93.88888888888889, 95.55555555555556, 92.77777777777779, 97.22222222222221, 96.66666666666667, 93.33333333333333, 97.22222222222221, 95.55555555555556, 97.77777777777777, 98.33333333333333]
recall list: [88.7, 32.800000000000004, 49.2, 80.9, 69.0, 79.7, 38.4, 45.6, 15.6, 4.1000000000000005, 84.7, 66.10000000000001, 53.2, 35.099999999999994, 73.5, 31.7, 68.60000000000001, 87.3, 48.0, 69.89999999999999, 82.39999999999999, 28.499999999999996, 80.80000000000001, 7.3, 38.6, 64.4, 70.7, 71.1, 36.3, 34.1]
far list: [11.3, 67.2, 50.8, 19.1, 31.0, 20.3, 61.6, 54.400000000000006, 84.39999999999999, 95.89999999999999, 15.299999999999999, 33.900000000000006, 46.800000000000004, 64.9, 26.5, 68.30000000000001, 31.4, 12.7, 52.0, 30.099999999999998, 17.599999999999998, 71.5, 19.2, 92.7, 61.4, 35.6, 29.299999999999997, 28.9, 63.7, 65.9]
frr list: [10.555555555555555, 2.2222222222222223, 4.444444444444445, 11.666666666666666, 5.0, 7.777777777777778, 1.6666666666666667, 1.1111111111111112, 0.0, 0.0, 4.444444444444445, 5.0, 1.1111111111111112, 1.1111111111111112, 4.444444444444445, 0.0, 3.888888888888889, 3.888888888888889, 2.2222222222222223, 8.88888888888889, 6.111111111111111, 0.5555555555555556, 7.222222222222221, 0.0, 1.6666666666666667, 6.111111111111111, 2.7777777777777777, 3.888888888888889, 0.5555555555555556, 0.5555555555555556]


classifier: mlp
method: oos-threshold
dataset_size: data_full
30 times random select 9 intents
accuracy: 96.1
recall: 52.2
far: 47.8
frr: 2.7
accuracy list: [98.51851851851852, 94.81481481481482, 98.51851851851852, 98.14814814814815, 96.29629629629629, 92.5925925925926, 94.44444444444444, 95.18518518518519, 98.51851851851852, 95.92592592592592, 83.33333333333334, 95.55555555555556, 97.4074074074074, 96.29629629629629, 98.88888888888889, 97.77777777777777, 96.66666666666667, 96.66666666666667, 98.88888888888889, 97.77777777777777, 92.5925925925926, 95.18518518518519, 95.55555555555556, 95.92592592592592, 96.66666666666667, 98.14814814814815, 97.77777777777777, 95.92592592592592, 98.51851851851852, 94.44444444444444]
recall list: [24.0, 64.7, 27.700000000000003, 27.500000000000004, 57.599999999999994, 67.2, 71.0, 71.1, 39.300000000000004, 61.5, 95.0, 36.0, 50.3, 63.5, 60.199999999999996, 0.8999999999999999, 15.0, 63.0, 58.599999999999994, 54.0, 61.5, 66.8, 61.6, 85.5, 51.1, 61.3, 14.499999999999998, 59.699999999999996, 39.4, 57.9]
far list: [76.0, 35.3, 72.3, 72.5, 42.4, 32.800000000000004, 28.999999999999996, 28.9, 60.699999999999996, 38.5, 5.0, 64.0, 49.7, 36.5, 39.800000000000004, 99.1, 85.0, 37.0, 41.4, 46.0, 38.5, 33.2, 38.4, 14.499999999999998, 48.9, 38.7, 85.5, 40.300000000000004, 60.6, 42.1]
frr list: [0.3703703703703704, 4.444444444444445, 0.3703703703703704, 0.0, 2.9629629629629632, 4.074074074074074, 4.814814814814815, 4.814814814814815, 0.3703703703703704, 2.9629629629629632, 16.666666666666664, 0.7407407407407408, 1.8518518518518516, 2.5925925925925926, 1.1111111111111112, 0.0, 0.0, 2.9629629629629632, 1.1111111111111112, 1.4814814814814816, 5.185185185185185, 3.7037037037037033, 2.9629629629629632, 4.074074074074074, 1.8518518518518516, 1.1111111111111112, 0.3703703703703704, 3.3333333333333335, 0.0, 4.074074074074074]


classifier: mlp
method: oos-threshold
dataset_size: data_full
30 times random select 12 intents
accuracy: 96.5
recall: 50.6
far: 49.4
frr: 2.2
accuracy list: [97.77777777777777, 96.66666666666667, 95.27777777777777, 98.61111111111111, 98.05555555555556, 96.66666666666667, 98.33333333333333, 89.44444444444444, 92.77777777777779, 95.27777777777777, 98.05555555555556, 97.22222222222221, 98.33333333333333, 97.77777777777777, 96.94444444444444, 97.22222222222221, 98.61111111111111, 96.94444444444444, 96.94444444444444, 96.66666666666667, 95.27777777777777, 95.83333333333334, 94.44444444444444, 96.66666666666667, 95.27777777777777, 95.27777777777777, 97.5, 97.5, 98.88888888888889, 95.27777777777777]
recall list: [47.0, 66.0, 74.5, 63.1, 60.6, 69.5, 64.3, 78.3, 59.699999999999996, 51.4, 3.9, 33.0, 47.5, 44.3, 6.6000000000000005, 65.4, 0.5, 57.599999999999994, 54.6, 62.6, 66.4, 43.2, 66.4, 54.400000000000006, 81.10000000000001, 75.9, 55.50000000000001, 15.7, 10.6, 39.0]
far list: [53.0, 34.0, 25.5, 36.9, 39.4, 30.5, 35.699999999999996, 21.7, 40.300000000000004, 48.6, 96.1, 67.0, 52.5, 55.7, 93.4, 34.599999999999994, 99.5, 42.4, 45.4, 37.4, 33.6, 56.8, 33.6, 45.6, 18.9, 24.099999999999998, 44.5, 84.3, 89.4, 61.0]
frr list: [0.8333333333333334, 2.7777777777777777, 4.166666666666666, 0.8333333333333334, 1.1111111111111112, 3.3333333333333335, 1.1111111111111112, 8.61111111111111, 4.444444444444445, 3.888888888888889, 0.0, 1.3888888888888888, 0.8333333333333334, 1.3888888888888888, 0.0, 2.7777777777777777, 0.0, 2.2222222222222223, 1.1111111111111112, 1.9444444444444444, 4.722222222222222, 1.6666666666666667, 3.888888888888889, 1.3888888888888888, 4.444444444444445, 3.888888888888889, 1.6666666666666667, 0.5555555555555556, 0.0, 1.3888888888888888]


classifier: mlp
method: oos-threshold
dataset_size: data_small
30 times random select 3 intents
accuracy: 88.4
recall: 52.2
far: 47.8
frr: 10.2
accuracy list: [94.44444444444444, 91.11111111111111, 83.33333333333334, 86.66666666666667, 92.22222222222223, 92.22222222222223, 94.44444444444444, 95.55555555555556, 94.44444444444444, 88.88888888888889, 85.55555555555556, 80.0, 72.22222222222221, 95.55555555555556, 76.66666666666667, 96.66666666666667, 85.55555555555556, 93.33333333333333, 95.55555555555556, 94.44444444444444, 88.88888888888889, 94.44444444444444, 95.55555555555556, 87.77777777777777, 86.66666666666667, 86.66666666666667, 68.88888888888889, 83.33333333333334, 95.55555555555556, 76.66666666666667]
recall list: [64.60000000000001, 46.9, 79.0, 48.6, 44.4, 40.8, 26.0, 39.5, 17.0, 39.7, 81.39999999999999, 74.1, 56.89999999999999, 62.4, 92.5, 26.900000000000002, 76.6, 27.6, 60.199999999999996, 14.099999999999998, 14.799999999999999, 71.2, 41.4, 0.0, 49.6, 78.4, 94.5, 68.7, 45.9, 83.2]
far list: [35.4, 53.1, 21.0, 51.4, 55.60000000000001, 59.199999999999996, 74.0, 60.5, 83.0, 60.3, 18.6, 25.900000000000002, 43.1, 37.6, 7.5, 73.1, 23.400000000000002, 72.39999999999999, 39.800000000000004, 85.9, 85.2, 28.799999999999997, 58.599999999999994, 100.0, 50.4, 21.6, 5.5, 31.3, 54.1, 16.8]
frr list: [5.555555555555555, 7.777777777777778, 16.666666666666664, 12.222222222222221, 6.666666666666667, 6.666666666666667, 5.555555555555555, 4.444444444444445, 3.3333333333333335, 8.88888888888889, 14.444444444444443, 20.0, 23.333333333333332, 4.444444444444445, 23.333333333333332, 1.1111111111111112, 14.444444444444443, 4.444444444444445, 4.444444444444445, 3.3333333333333335, 4.444444444444445, 5.555555555555555, 4.444444444444445, 0.0, 12.222222222222221, 13.333333333333334, 31.11111111111111, 16.666666666666664, 3.3333333333333335, 23.333333333333332]


classifier: mlp
method: oos-threshold
dataset_size: data_small
30 times random select 6 intents
accuracy: 93.0
recall: 58.3
far: 41.7
frr: 6.3
accuracy list: [98.33333333333333, 93.88888888888889, 90.55555555555556, 95.55555555555556, 93.33333333333333, 97.22222222222221, 92.77777777777779, 90.55555555555556, 95.0, 94.44444444444444, 91.11111111111111, 88.88888888888889, 87.22222222222223, 91.11111111111111, 90.0, 85.0, 93.88888888888889, 95.55555555555556, 93.88888888888889, 90.0, 97.22222222222221, 97.77777777777777, 93.33333333333333, 96.66666666666667, 92.77777777777779, 97.22222222222221, 91.11111111111111, 90.55555555555556, 91.66666666666666, 92.77777777777779]
recall list: [39.4, 43.6, 76.7, 74.5, 60.6, 25.0, 72.2, 77.3, 71.7, 48.5, 67.10000000000001, 84.1, 74.0, 88.1, 63.9, 84.2, 37.0, 39.2, 45.800000000000004, 73.0, 26.6, 12.4, 52.5, 2.3, 58.5, 42.0, 85.2, 77.2, 76.5, 71.1]
far list: [60.6, 56.39999999999999, 23.3, 25.5, 39.4, 75.0, 27.800000000000004, 22.7, 28.299999999999997, 51.5, 32.9, 15.9, 26.0, 11.899999999999999, 36.1, 15.8, 63.0, 60.8, 54.2, 27.0, 73.4, 87.6, 47.5, 97.7, 41.5, 57.99999999999999, 14.799999999999999, 22.8, 23.5, 28.9]
frr list: [1.6666666666666667, 4.444444444444445, 8.88888888888889, 4.444444444444445, 6.111111111111111, 0.5555555555555556, 7.222222222222221, 9.444444444444445, 5.0, 5.0, 8.333333333333332, 11.11111111111111, 12.777777777777777, 8.88888888888889, 7.222222222222221, 15.0, 6.111111111111111, 3.888888888888889, 3.888888888888889, 10.0, 1.1111111111111112, 0.5555555555555556, 3.3333333333333335, 0.0, 7.222222222222221, 2.2222222222222223, 8.88888888888889, 8.88888888888889, 8.333333333333332, 7.222222222222221]


classifier: mlp
method: oos-threshold
dataset_size: data_small
30 times random select 9 intents
accuracy: 95.2
recall: 40.3
far: 59.7
frr: 2.4
accuracy list: [95.55555555555556, 97.4074074074074, 97.77777777777777, 87.77777777777777, 97.77777777777777, 94.44444444444444, 95.92592592592592, 95.92592592592592, 97.4074074074074, 92.22222222222223, 94.81481481481482, 94.07407407407408, 94.44444444444444, 98.51851851851852, 97.77777777777777, 93.7037037037037, 95.92592592592592, 95.18518518518519, 94.81481481481482, 98.14814814814815, 91.48148148148148, 95.92592592592592, 91.48148148148148, 94.44444444444444, 93.7037037037037, 92.22222222222223, 96.29629629629629, 95.92592592592592, 95.92592592592592, 99.62962962962963]
recall list: [71.39999999999999, 1.9, 2.1999999999999997, 60.6, 56.49999999999999, 63.6, 32.2, 4.0, 60.099999999999994, 73.0, 8.1, 60.099999999999994, 76.4, 9.700000000000001, 47.4, 2.7, 41.3, 25.1, 59.8, 42.5, 69.0, 57.4, 0.8999999999999999, 49.3, 67.30000000000001, 85.8, 35.699999999999996, 5.5, 37.7, 2.0]
far list: [28.599999999999998, 98.1, 97.8, 39.4, 43.5, 36.4, 67.80000000000001, 96.0, 39.900000000000006, 27.0, 91.9, 39.900000000000006, 23.599999999999998, 90.3, 52.6, 97.3, 58.699999999999996, 74.9, 40.2, 57.49999999999999, 31.0, 42.6, 99.1, 50.7, 32.7, 14.2, 64.3, 94.5, 62.3, 98.0]
frr list: [3.7037037037037033, 0.0, 0.0, 7.037037037037037, 1.8518518518518516, 4.444444444444445, 0.7407407407407408, 0.0, 1.8518518518518516, 6.296296296296296, 0.0, 3.7037037037037033, 5.555555555555555, 0.0, 0.0, 0.0, 2.9629629629629632, 0.7407407407407408, 2.9629629629629632, 1.1111111111111112, 7.037037037037037, 2.9629629629629632, 0.0, 3.7037037037037033, 5.185185185185185, 7.777777777777778, 1.1111111111111112, 0.0, 1.8518518518518516, 0.0]


classifier: mlp
method: oos-threshold
dataset_size: data_small
30 times random select 12 intents
accuracy: 94.7
recall: 39.3
far: 60.7
frr: 2.6
accuracy list: [94.72222222222221, 95.55555555555556, 93.61111111111111, 94.16666666666667, 93.05555555555556, 97.22222222222221, 96.38888888888889, 94.44444444444444, 95.83333333333334, 94.16666666666667, 97.5, 96.66666666666667, 96.38888888888889, 92.5, 90.0, 96.38888888888889, 86.66666666666667, 94.16666666666667, 95.55555555555556, 96.94444444444444, 95.55555555555556, 95.55555555555556, 95.0, 97.22222222222221, 91.66666666666666, 95.0, 92.22222222222223, 92.22222222222223, 95.0, 98.33333333333333]
recall list: [22.2, 30.5, 57.8, 66.9, 60.699999999999996, 0.1, 50.6, 66.4, 77.2, 53.5, 28.1, 3.4000000000000004, 15.2, 0.1, 52.900000000000006, 4.7, 60.9, 51.4, 46.2, 37.7, 66.4, 6.5, 55.60000000000001, 0.0, 57.9, 51.5, 42.5, 35.199999999999996, 56.00000000000001, 21.099999999999998]
far list: [77.8, 69.5, 42.199999999999996, 33.1, 39.300000000000004, 99.9, 49.4, 33.6, 22.8, 46.5, 71.89999999999999, 96.6, 84.8, 99.9, 47.099999999999994, 95.3, 39.1, 48.6, 53.800000000000004, 62.3, 33.6, 93.5, 44.4, 100.0, 42.1, 48.5, 57.49999999999999, 64.8, 44.0, 78.9]
frr list: [0.8333333333333334, 0.8333333333333334, 4.444444444444445, 4.166666666666666, 4.722222222222222, 0.0, 1.6666666666666667, 4.444444444444445, 3.888888888888889, 4.722222222222222, 1.3888888888888888, 0.2777777777777778, 0.5555555555555556, 0.0, 6.944444444444445, 0.0, 7.777777777777778, 2.5, 2.7777777777777777, 1.1111111111111112, 3.3333333333333335, 0.2777777777777778, 3.3333333333333335, 0.0, 5.555555555555555, 1.9444444444444444, 3.3333333333333335, 2.5, 3.888888888888889, 0.0]


classifier: mlp
method: oos-threshold
dataset_size: data_imbalanced
30 times random select 3 intents
accuracy: 91.1
recall: 50.2
far: 49.8
frr: 8.0
accuracy list: [94.44444444444444, 95.55555555555556, 95.55555555555556, 85.55555555555556, 97.77777777777777, 88.88888888888889, 91.11111111111111, 72.22222222222221, 95.55555555555556, 84.44444444444444, 94.44444444444444, 96.66666666666667, 88.88888888888889, 88.88888888888889, 98.88888888888889, 91.11111111111111, 94.44444444444444, 93.33333333333333, 96.66666666666667, 92.22222222222223, 77.77777777777779, 93.33333333333333, 93.33333333333333, 91.11111111111111, 82.22222222222221, 88.88888888888889, 98.88888888888889, 94.44444444444444, 90.0, 87.77777777777777]
recall list: [64.0, 35.099999999999994, 30.7, 78.7, 43.7, 64.0, 56.10000000000001, 90.7, 23.1, 67.4, 45.2, 21.099999999999998, 34.1, 52.7, 31.2, 41.5, 21.9, 9.3, 36.6, 54.7, 70.89999999999999, 36.9, 43.2, 91.3, 78.9, 62.0, 4.0, 43.0, 84.6, 89.2]
far list: [36.0, 64.9, 69.3, 21.3, 56.3, 36.0, 43.9, 9.3, 76.9, 32.6, 54.800000000000004, 78.9, 65.9, 47.3, 68.8, 58.5, 78.10000000000001, 90.7, 63.4, 45.300000000000004, 29.099999999999998, 63.1, 56.8, 8.7, 21.099999999999998, 38.0, 96.0, 56.99999999999999, 15.4, 10.8]
frr list: [5.555555555555555, 4.444444444444445, 1.1111111111111112, 14.444444444444443, 2.2222222222222223, 11.11111111111111, 7.777777777777778, 27.77777777777778, 1.1111111111111112, 15.555555555555555, 4.444444444444445, 1.1111111111111112, 7.777777777777778, 11.11111111111111, 1.1111111111111112, 7.777777777777778, 2.2222222222222223, 4.444444444444445, 2.2222222222222223, 7.777777777777778, 22.22222222222222, 5.555555555555555, 5.555555555555555, 8.88888888888889, 17.77777777777778, 11.11111111111111, 0.0, 5.555555555555555, 10.0, 12.222222222222221]


classifier: mlp
method: oos-threshold
dataset_size: data_imbalanced
30 times random select 6 intents
accuracy: 92.8
recall: 59.4
far: 40.6
frr: 6.1
accuracy list: [95.0, 95.55555555555556, 89.44444444444444, 82.77777777777777, 92.22222222222223, 93.88888888888889, 82.22222222222221, 90.55555555555556, 93.88888888888889, 93.33333333333333, 92.77777777777779, 98.33333333333333, 96.66666666666667, 96.66666666666667, 91.66666666666666, 94.44444444444444, 90.0, 96.11111111111111, 91.66666666666666, 93.33333333333333, 92.77777777777779, 90.55555555555556, 95.55555555555556, 90.0, 92.77777777777779, 93.33333333333333, 97.22222222222221, 91.11111111111111, 92.22222222222223, 97.22222222222221]
recall list: [66.10000000000001, 71.3, 60.8, 56.89999999999999, 73.6, 51.7, 93.10000000000001, 66.4, 66.4, 65.2, 36.9, 35.4, 54.7, 59.8, 63.2, 74.0, 88.5, 35.5, 66.3, 73.5, 54.7, 75.8, 54.400000000000006, 79.2, 63.0, 56.49999999999999, 23.5, 6.3, 57.099999999999994, 51.4]
far list: [33.900000000000006, 28.7, 39.2, 43.1, 26.400000000000002, 48.3, 6.9, 33.6, 33.6, 34.8, 63.1, 64.60000000000001, 45.300000000000004, 40.2, 36.8, 26.0, 11.5, 64.5, 33.7, 26.5, 45.300000000000004, 24.2, 45.6, 20.8, 37.0, 43.5, 76.5, 93.7, 42.9, 48.6]
frr list: [5.0, 3.888888888888889, 10.0, 12.777777777777777, 7.777777777777778, 5.0, 17.77777777777778, 8.333333333333332, 5.555555555555555, 6.666666666666667, 3.888888888888889, 0.5555555555555556, 1.1111111111111112, 2.7777777777777777, 7.777777777777778, 5.555555555555555, 10.0, 2.2222222222222223, 7.777777777777778, 6.666666666666667, 5.555555555555555, 9.444444444444445, 3.888888888888889, 9.444444444444445, 6.666666666666667, 6.666666666666667, 1.6666666666666667, 0.0, 7.222222222222221, 2.2222222222222223]


classifier: mlp
method: oos-threshold
dataset_size: data_imbalanced
30 times random select 9 intents
accuracy: 95.3
recall: 45.6
far: 54.4
frr: 3.1
accuracy list: [91.85185185185185, 84.81481481481481, 94.07407407407408, 96.66666666666667, 96.66666666666667, 97.77777777777777, 97.03703703703704, 95.55555555555556, 97.77777777777777, 97.4074074074074, 95.18518518518519, 95.18518518518519, 97.03703703703704, 96.29629629629629, 94.07407407407408, 97.4074074074074, 90.37037037037037, 95.18518518518519, 96.29629629629629, 96.29629629629629, 91.48148148148148, 92.5925925925926, 94.81481481481482, 98.88888888888889, 96.66666666666667, 94.44444444444444, 96.29629629629629, 94.81481481481482, 97.03703703703704, 97.77777777777777]
recall list: [92.30000000000001, 85.0, 74.5, 39.2, 39.7, 60.099999999999994, 15.0, 7.000000000000001, 49.6, 25.1, 64.0, 65.4, 44.0, 47.0, 58.599999999999994, 15.0, 78.3, 9.4, 29.2, 82.8, 49.1, 70.0, 49.2, 7.3999999999999995, 56.3, 3.9, 8.0, 63.4, 43.9, 34.8]
far list: [7.7, 15.0, 25.5, 60.8, 60.3, 39.900000000000006, 85.0, 93.0, 50.4, 74.9, 36.0, 34.599999999999994, 56.00000000000001, 53.0, 41.4, 85.0, 21.7, 90.60000000000001, 70.8, 17.2, 50.9, 30.0, 50.8, 92.60000000000001, 43.7, 96.1, 92.0, 36.6, 56.10000000000001, 65.2]
frr list: [8.148148148148149, 14.814814814814813, 5.555555555555555, 1.1111111111111112, 2.2222222222222223, 1.8518518518518516, 0.0, 0.0, 1.4814814814814816, 0.7407407407407408, 4.074074074074074, 4.814814814814815, 1.8518518518518516, 2.5925925925925926, 4.074074074074074, 0.0, 8.148148148148149, 0.7407407407407408, 1.1111111111111112, 3.3333333333333335, 5.9259259259259265, 5.9259259259259265, 3.3333333333333335, 0.0, 3.3333333333333335, 0.0, 0.3703703703703704, 4.444444444444445, 1.1111111111111112, 1.1111111111111112]


classifier: mlp
method: oos-threshold
dataset_size: data_imbalanced
30 times random select 12 intents
accuracy: 94.9
recall: 40.5
far: 59.5
frr: 2.7
accuracy list: [96.11111111111111, 94.16666666666667, 93.61111111111111, 96.38888888888889, 94.72222222222221, 93.05555555555556, 97.22222222222221, 92.22222222222223, 90.27777777777779, 93.05555555555556, 98.05555555555556, 96.38888888888889, 96.11111111111111, 96.66666666666667, 97.5, 93.05555555555556, 98.88888888888889, 91.94444444444444, 95.55555555555556, 94.72222222222221, 96.66666666666667, 96.38888888888889, 92.5, 96.66666666666667, 95.55555555555556, 94.72222222222221, 98.33333333333333, 93.61111111111111, 89.44444444444444, 94.16666666666667]
recall list: [16.3, 55.50000000000001, 47.099999999999994, 0.2, 68.5, 70.7, 59.199999999999996, 75.7, 67.4, 47.5, 2.8000000000000003, 16.5, 31.6, 3.2, 61.4, 52.400000000000006, 2.1, 35.099999999999994, 52.1, 63.5, 50.6, 19.2, 64.9, 5.6000000000000005, 13.700000000000001, 50.7, 37.3, 56.10000000000001, 62.9, 25.8]
far list: [83.7, 44.5, 52.900000000000006, 99.8, 31.5, 29.299999999999997, 40.8, 24.3, 32.6, 52.5, 97.2, 83.5, 68.4, 96.8, 38.6, 47.599999999999994, 97.89999999999999, 64.9, 47.9, 36.5, 49.4, 80.80000000000001, 35.099999999999994, 94.39999999999999, 86.3, 49.3, 62.7, 43.9, 37.1, 74.2]
frr list: [0.0, 3.3333333333333335, 3.3333333333333335, 0.0, 4.722222222222222, 6.388888888888888, 1.6666666666666667, 7.5, 8.333333333333332, 3.888888888888889, 0.0, 0.8333333333333334, 1.6666666666666667, 0.0, 2.2222222222222223, 4.444444444444445, 0.0, 3.6111111111111107, 2.7777777777777777, 3.888888888888889, 1.3888888888888888, 0.5555555555555556, 4.722222222222222, 0.2777777777777778, 1.6666666666666667, 1.9444444444444444, 0.2777777777777778, 4.166666666666666, 7.5, 0.8333333333333334]


