classifier: mlp
method: oos-train
dataset_size: data_full
30 times random select 3 intents
accuracy: 97.9
recall: 58.4
far: 41.6
frr: 1.1
accuracy list: [97.77777777777777, 97.77777777777777, 98.88888888888889, 96.66666666666667, 96.66666666666667, 97.77777777777777, 97.77777777777777, 96.66666666666667, 97.77777777777777, 97.77777777777777, 98.88888888888889, 97.77777777777777, 98.88888888888889, 97.77777777777777, 98.88888888888889, 98.88888888888889, 96.66666666666667, 97.77777777777777, 98.88888888888889, 98.88888888888889, 95.55555555555556, 97.77777777777777, 98.88888888888889, 100.0, 96.66666666666667, 98.88888888888889, 96.66666666666667, 100.0, 97.77777777777777, 96.66666666666667]
recall list: [66.4, 68.2, 60.4, 49.5, 59.8, 63.1, 57.8, 62.9, 54.300000000000004, 69.39999999999999, 54.50000000000001, 56.00000000000001, 50.2, 54.0, 51.9, 53.400000000000006, 63.6, 50.9, 62.4, 58.199999999999996, 65.0, 58.5, 71.0, 48.4, 65.0, 50.7, 55.400000000000006, 57.49999999999999, 61.5, 52.0]
far list: [33.6, 31.8, 39.6, 50.5, 40.2, 36.9, 42.199999999999996, 37.1, 45.7, 30.599999999999998, 45.5, 44.0, 49.8, 46.0, 48.1, 46.6, 36.4, 49.1, 37.6, 41.8, 35.0, 41.5, 28.999999999999996, 51.6, 35.0, 49.3, 44.6, 42.5, 38.5, 48.0]
frr list: [0.0, 2.2222222222222223, 1.1111111111111112, 3.3333333333333335, 3.3333333333333335, 1.1111111111111112, 1.1111111111111112, 1.1111111111111112, 1.1111111111111112, 2.2222222222222223, 0.0, 0.0, 1.1111111111111112, 1.1111111111111112, 1.1111111111111112, 1.1111111111111112, 2.2222222222222223, 0.0, 0.0, 0.0, 1.1111111111111112, 1.1111111111111112, 0.0, 0.0, 2.2222222222222223, 1.1111111111111112, 1.1111111111111112, 0.0, 2.2222222222222223, 1.1111111111111112]


classifier: mlp
method: oos-train
dataset_size: data_full
30 times random select 6 intents
accuracy: 97.5
recall: 50.5
far: 49.5
frr: 0.9
accuracy list: [97.77777777777777, 97.22222222222221, 96.11111111111111, 98.88888888888889, 96.11111111111111, 97.77777777777777, 97.22222222222221, 100.0, 98.33333333333333, 96.66666666666667, 97.77777777777777, 97.22222222222221, 98.33333333333333, 99.44444444444444, 98.88888888888889, 97.22222222222221, 98.33333333333333, 98.33333333333333, 92.77777777777779, 96.66666666666667, 97.77777777777777, 95.55555555555556, 97.22222222222221, 98.88888888888889, 98.33333333333333, 98.33333333333333, 95.0, 99.44444444444444, 97.77777777777777, 96.66666666666667]
recall list: [48.8, 45.300000000000004, 42.0, 52.0, 55.800000000000004, 45.7, 50.4, 46.7, 48.0, 48.8, 50.9, 56.00000000000001, 57.199999999999996, 50.6, 48.8, 54.0, 41.699999999999996, 50.0, 50.3, 54.2, 54.900000000000006, 53.900000000000006, 53.400000000000006, 49.2, 60.699999999999996, 42.4, 47.4, 57.099999999999994, 50.3, 47.699999999999996]
far list: [51.2, 54.7, 57.99999999999999, 48.0, 44.2, 54.300000000000004, 49.6, 53.300000000000004, 52.0, 51.2, 49.1, 44.0, 42.8, 49.4, 51.2, 46.0, 58.3, 50.0, 49.7, 45.800000000000004, 45.1, 46.1, 46.6, 50.8, 39.300000000000004, 57.599999999999994, 52.6, 42.9, 49.7, 52.300000000000004]
frr list: [1.1111111111111112, 1.1111111111111112, 1.6666666666666667, 0.5555555555555556, 1.6666666666666667, 0.5555555555555556, 2.2222222222222223, 0.0, 0.0, 1.1111111111111112, 0.5555555555555556, 1.6666666666666667, 1.6666666666666667, 0.0, 0.0, 1.6666666666666667, 0.5555555555555556, 0.0, 1.1111111111111112, 0.0, 1.1111111111111112, 0.5555555555555556, 1.1111111111111112, 0.5555555555555556, 0.5555555555555556, 0.0, 1.6666666666666667, 0.5555555555555556, 0.5555555555555556, 2.7777777777777777]


classifier: mlp
method: oos-train
dataset_size: data_full
30 times random select 9 intents
accuracy: 97.1
recall: 44.6
far: 55.4
frr: 0.6
accuracy list: [98.88888888888889, 97.77777777777777, 96.66666666666667, 97.77777777777777, 98.88888888888889, 99.25925925925925, 95.18518518518519, 97.4074074074074, 95.55555555555556, 98.14814814814815, 96.29629629629629, 99.25925925925925, 95.55555555555556, 96.66666666666667, 98.14814814814815, 97.03703703703704, 97.03703703703704, 96.29629629629629, 95.92592592592592, 98.14814814814815, 97.77777777777777, 96.29629629629629, 96.29629629629629, 95.18518518518519, 95.55555555555556, 95.55555555555556, 98.51851851851852, 97.77777777777777, 96.66666666666667, 98.51851851851852]
recall list: [40.6, 53.900000000000006, 38.4, 42.6, 55.2, 44.2, 40.5, 34.2, 51.7, 46.1, 45.300000000000004, 42.4, 45.2, 40.1, 39.5, 43.0, 39.800000000000004, 50.9, 41.4, 41.3, 48.1, 51.9, 55.300000000000004, 37.2, 44.0, 41.8, 48.9, 42.0, 45.0, 46.5]
far list: [59.4, 46.1, 61.6, 57.4, 44.800000000000004, 55.800000000000004, 59.5, 65.8, 48.3, 53.900000000000006, 54.7, 57.599999999999994, 54.800000000000004, 59.9, 60.5, 56.99999999999999, 60.199999999999996, 49.1, 58.599999999999994, 58.699999999999996, 51.9, 48.1, 44.7, 62.8, 56.00000000000001, 58.199999999999996, 51.1, 57.99999999999999, 55.00000000000001, 53.5]
frr list: [0.3703703703703704, 1.4814814814814816, 0.3703703703703704, 0.3703703703703704, 0.0, 0.0, 0.0, 0.7407407407407408, 1.1111111111111112, 0.7407407407407408, 0.0, 0.7407407407407408, 1.1111111111111112, 0.7407407407407408, 0.7407407407407408, 0.0, 0.7407407407407408, 0.7407407407407408, 1.4814814814814816, 0.0, 1.1111111111111112, 0.7407407407407408, 1.4814814814814816, 0.0, 0.3703703703703704, 0.3703703703703704, 0.7407407407407408, 0.7407407407407408, 0.7407407407407408, 0.7407407407407408]


classifier: mlp
method: oos-train
dataset_size: data_full
30 times random select 12 intents
accuracy: 97.3
recall: 39.5
far: 60.5
frr: 0.5
accuracy list: [95.55555555555556, 98.33333333333333, 99.16666666666667, 96.94444444444444, 97.77777777777777, 96.38888888888889, 92.77777777777779, 97.5, 98.05555555555556, 97.5, 97.22222222222221, 98.33333333333333, 98.33333333333333, 99.44444444444444, 98.61111111111111, 99.16666666666667, 96.66666666666667, 98.33333333333333, 97.77777777777777, 98.05555555555556, 98.88888888888889, 96.94444444444444, 92.77777777777779, 98.88888888888889, 96.11111111111111, 98.61111111111111, 93.05555555555556, 97.22222222222221, 95.55555555555556, 98.33333333333333]
recall list: [41.5, 44.0, 46.5, 41.199999999999996, 37.8, 37.7, 41.9, 32.0, 42.4, 37.8, 35.3, 33.4, 38.6, 36.4, 38.3, 41.699999999999996, 40.2, 35.5, 43.3, 43.1, 48.1, 39.300000000000004, 44.0, 34.2, 35.4, 38.6, 40.6, 38.6, 38.4, 40.6]
far list: [58.5, 56.00000000000001, 53.5, 58.8, 62.2, 62.3, 58.099999999999994, 68.0, 57.599999999999994, 62.2, 64.7, 66.60000000000001, 61.4, 63.6, 61.7, 58.3, 59.8, 64.5, 56.699999999999996, 56.89999999999999, 51.9, 60.699999999999996, 56.00000000000001, 65.8, 64.60000000000001, 61.4, 59.4, 61.4, 61.6, 59.4]
frr list: [0.8333333333333334, 0.5555555555555556, 0.2777777777777778, 0.5555555555555556, 0.5555555555555556, 0.8333333333333334, 1.3888888888888888, 1.1111111111111112, 0.2777777777777778, 1.1111111111111112, 0.8333333333333334, 0.8333333333333334, 0.0, 0.2777777777777778, 0.8333333333333334, 0.0, 0.2777777777777778, 0.2777777777777778, 0.2777777777777778, 0.5555555555555556, 0.5555555555555556, 0.0, 1.1111111111111112, 0.0, 0.0, 0.2777777777777778, 0.8333333333333334, 0.5555555555555556, 0.5555555555555556, 0.2777777777777778]


classifier: mlp
method: oos-train
dataset_size: data_small
30 times random select 3 intents
accuracy: 96.2
recall: 75.4
far: 24.6
frr: 2.1
accuracy list: [94.44444444444444, 98.88888888888889, 96.66666666666667, 86.66666666666667, 83.33333333333334, 94.44444444444444, 96.66666666666667, 96.66666666666667, 94.44444444444444, 93.33333333333333, 96.66666666666667, 97.77777777777777, 96.66666666666667, 98.88888888888889, 97.77777777777777, 96.66666666666667, 98.88888888888889, 96.66666666666667, 92.22222222222223, 95.55555555555556, 100.0, 100.0, 95.55555555555556, 97.77777777777777, 98.88888888888889, 98.88888888888889, 97.77777777777777, 96.66666666666667, 98.88888888888889, 98.88888888888889]
recall list: [73.7, 82.69999999999999, 78.4, 70.19999999999999, 79.0, 76.1, 71.7, 75.2, 68.10000000000001, 83.0, 60.199999999999996, 76.2, 81.2, 74.0, 76.7, 80.4, 68.0, 87.3, 70.8, 66.9, 74.2, 73.2, 79.10000000000001, 81.0, 79.3, 76.8, 71.8, 74.6, 69.19999999999999, 82.6]
far list: [26.3, 17.299999999999997, 21.6, 29.799999999999997, 21.0, 23.9, 28.299999999999997, 24.8, 31.900000000000002, 17.0, 39.800000000000004, 23.799999999999997, 18.8, 26.0, 23.3, 19.6, 32.0, 12.7, 29.2, 33.1, 25.8, 26.8, 20.9, 19.0, 20.7, 23.200000000000003, 28.199999999999996, 25.4, 30.8, 17.4]
frr list: [3.3333333333333335, 1.1111111111111112, 2.2222222222222223, 1.1111111111111112, 4.444444444444445, 2.2222222222222223, 2.2222222222222223, 1.1111111111111112, 3.3333333333333335, 4.444444444444445, 1.1111111111111112, 1.1111111111111112, 2.2222222222222223, 1.1111111111111112, 2.2222222222222223, 3.3333333333333335, 1.1111111111111112, 3.3333333333333335, 7.777777777777778, 3.3333333333333335, 0.0, 0.0, 3.3333333333333335, 1.1111111111111112, 1.1111111111111112, 1.1111111111111112, 1.1111111111111112, 2.2222222222222223, 0.0, 1.1111111111111112]


classifier: mlp
method: oos-train
dataset_size: data_small
30 times random select 6 intents
accuracy: 96.1
recall: 59.1
far: 40.9
frr: 2.2
accuracy list: [97.22222222222221, 95.55555555555556, 95.55555555555556, 95.0, 97.22222222222221, 96.11111111111111, 96.11111111111111, 97.22222222222221, 93.88888888888889, 97.77777777777777, 97.77777777777777, 95.0, 91.66666666666666, 97.77777777777777, 97.22222222222221, 97.77777777777777, 96.66666666666667, 92.77777777777779, 95.55555555555556, 98.33333333333333, 95.55555555555556, 94.44444444444444, 98.88888888888889, 94.44444444444444, 98.88888888888889, 94.44444444444444, 97.22222222222221, 95.0, 95.0, 95.55555555555556]
recall list: [62.5, 57.8, 61.3, 60.5, 51.300000000000004, 61.5, 53.300000000000004, 59.199999999999996, 70.0, 57.3, 60.3, 58.099999999999994, 63.6, 58.3, 59.699999999999996, 59.5, 59.099999999999994, 50.8, 49.0, 59.9, 58.8, 50.5, 65.60000000000001, 70.6, 52.300000000000004, 65.2, 62.2, 59.099999999999994, 55.7, 60.9]
far list: [37.5, 42.199999999999996, 38.7, 39.5, 48.699999999999996, 38.5, 46.7, 40.8, 30.0, 42.699999999999996, 39.7, 41.9, 36.4, 41.699999999999996, 40.300000000000004, 40.5, 40.9, 49.2, 51.0, 40.1, 41.199999999999996, 49.5, 34.4, 29.4, 47.699999999999996, 34.8, 37.8, 40.9, 44.3, 39.1]
frr list: [2.2222222222222223, 0.5555555555555556, 2.2222222222222223, 3.3333333333333335, 0.5555555555555556, 1.6666666666666667, 3.888888888888889, 1.6666666666666667, 4.444444444444445, 1.1111111111111112, 1.6666666666666667, 2.2222222222222223, 5.0, 2.2222222222222223, 1.1111111111111112, 1.6666666666666667, 1.6666666666666667, 2.7777777777777777, 3.888888888888889, 1.6666666666666667, 2.7777777777777777, 1.1111111111111112, 0.0, 3.3333333333333335, 0.5555555555555556, 2.2222222222222223, 1.6666666666666667, 3.3333333333333335, 2.2222222222222223, 2.7777777777777777]


classifier: mlp
method: oos-train
dataset_size: data_small
30 times random select 9 intents
accuracy: 96.4
recall: 53.6
far: 46.4
frr: 1.4
accuracy list: [97.03703703703704, 98.14814814814815, 96.66666666666667, 96.66666666666667, 96.29629629629629, 96.66666666666667, 98.14814814814815, 93.7037037037037, 98.88888888888889, 95.55555555555556, 97.77777777777777, 95.18518518518519, 97.03703703703704, 95.92592592592592, 95.55555555555556, 95.18518518518519, 97.03703703703704, 96.66666666666667, 97.77777777777777, 94.44444444444444, 93.33333333333333, 97.4074074074074, 97.77777777777777, 96.66666666666667, 98.14814814814815, 96.29629629629629, 92.5925925925926, 97.4074074074074, 95.18518518518519, 98.14814814814815]
recall list: [53.7, 49.6, 65.2, 60.099999999999994, 54.1, 57.099999999999994, 58.599999999999994, 47.099999999999994, 63.9, 57.4, 54.900000000000006, 57.49999999999999, 46.7, 48.1, 48.5, 48.5, 57.4, 48.3, 48.199999999999996, 55.1, 51.6, 57.9, 55.2, 48.5, 53.2, 57.9, 51.2, 51.800000000000004, 49.0, 52.5]
far list: [46.300000000000004, 50.4, 34.8, 39.900000000000006, 45.9, 42.9, 41.4, 52.900000000000006, 36.1, 42.6, 45.1, 42.5, 53.300000000000004, 51.9, 51.5, 51.5, 42.6, 51.7, 51.800000000000004, 44.9, 48.4, 42.1, 44.800000000000004, 51.5, 46.800000000000004, 42.1, 48.8, 48.199999999999996, 51.0, 47.5]
frr list: [1.4814814814814816, 1.1111111111111112, 1.8518518518518516, 1.1111111111111112, 1.1111111111111112, 1.8518518518518516, 1.1111111111111112, 3.7037037037037033, 1.1111111111111112, 2.2222222222222223, 0.7407407407407408, 2.2222222222222223, 0.0, 1.4814814814814816, 1.1111111111111112, 3.3333333333333335, 1.1111111111111112, 0.7407407407407408, 0.0, 0.7407407407407408, 3.3333333333333335, 0.7407407407407408, 0.3703703703703704, 0.7407407407407408, 0.7407407407407408, 2.2222222222222223, 1.1111111111111112, 0.7407407407407408, 1.8518518518518516, 0.7407407407407408]


classifier: mlp
method: oos-train
dataset_size: data_small
30 times random select 12 intents
accuracy: 95.5
recall: 49.4
far: 50.6
frr: 1.3
accuracy list: [95.27777777777777, 96.38888888888889, 97.77777777777777, 96.11111111111111, 96.66666666666667, 96.38888888888889, 96.11111111111111, 96.66666666666667, 98.61111111111111, 93.33333333333333, 93.33333333333333, 96.38888888888889, 94.72222222222221, 96.38888888888889, 94.72222222222221, 93.33333333333333, 95.55555555555556, 90.27777777777779, 96.94444444444444, 96.11111111111111, 96.11111111111111, 93.61111111111111, 93.05555555555556, 97.22222222222221, 96.94444444444444, 96.66666666666667, 95.0, 97.22222222222221, 93.33333333333333, 95.83333333333334]
recall list: [51.5, 48.5, 52.2, 47.599999999999994, 45.300000000000004, 49.0, 49.2, 52.5, 48.0, 43.1, 45.9, 55.60000000000001, 45.800000000000004, 48.4, 45.300000000000004, 46.7, 54.0, 56.10000000000001, 59.4, 49.9, 54.2, 44.1, 44.800000000000004, 49.2, 53.300000000000004, 52.800000000000004, 51.800000000000004, 46.400000000000006, 41.0, 51.1]
far list: [48.5, 51.5, 47.8, 52.400000000000006, 54.7, 51.0, 50.8, 47.5, 52.0, 56.89999999999999, 54.1, 44.4, 54.2, 51.6, 54.7, 53.300000000000004, 46.0, 43.9, 40.6, 50.1, 45.800000000000004, 55.900000000000006, 55.2, 50.8, 46.7, 47.199999999999996, 48.199999999999996, 53.6, 59.0, 48.9]
frr list: [1.1111111111111112, 1.6666666666666667, 0.0, 0.5555555555555556, 0.5555555555555556, 1.6666666666666667, 1.6666666666666667, 0.8333333333333334, 0.0, 2.2222222222222223, 2.7777777777777777, 1.1111111111111112, 0.8333333333333334, 0.8333333333333334, 2.2222222222222223, 2.5, 1.6666666666666667, 1.9444444444444444, 0.5555555555555556, 3.3333333333333335, 1.6666666666666667, 1.3888888888888888, 1.3888888888888888, 1.1111111111111112, 0.5555555555555556, 0.5555555555555556, 0.5555555555555556, 0.2777777777777778, 1.1111111111111112, 1.9444444444444444]


classifier: mlp
method: oos-train
dataset_size: data_imbalanced
30 times random select 3 intents
accuracy: 96.7
recall: 69.4
far: 30.6
frr: 2.1
accuracy list: [95.55555555555556, 100.0, 97.77777777777777, 96.66666666666667, 91.11111111111111, 98.88888888888889, 96.66666666666667, 98.88888888888889, 96.66666666666667, 95.55555555555556, 97.77777777777777, 98.88888888888889, 98.88888888888889, 96.66666666666667, 96.66666666666667, 96.66666666666667, 97.77777777777777, 100.0, 95.55555555555556, 95.55555555555556, 95.55555555555556, 98.88888888888889, 94.44444444444444, 93.33333333333333, 98.88888888888889, 94.44444444444444, 96.66666666666667, 96.66666666666667, 96.66666666666667, 94.44444444444444]
recall list: [62.0, 55.00000000000001, 69.1, 72.39999999999999, 79.0, 69.6, 57.599999999999994, 70.3, 59.5, 67.7, 62.0, 76.8, 65.0, 72.89999999999999, 69.39999999999999, 76.2, 59.199999999999996, 59.8, 91.9, 74.0, 77.5, 60.699999999999996, 68.7, 71.39999999999999, 67.9, 75.9, 78.2, 68.30000000000001, 68.7, 74.1]
far list: [38.0, 45.0, 30.9, 27.6, 21.0, 30.4, 42.4, 29.7, 40.5, 32.300000000000004, 38.0, 23.200000000000003, 35.0, 27.1, 30.599999999999998, 23.799999999999997, 40.8, 40.2, 8.1, 26.0, 22.5, 39.300000000000004, 31.3, 28.599999999999998, 32.1, 24.099999999999998, 21.8, 31.7, 31.3, 25.900000000000002]
frr list: [3.3333333333333335, 0.0, 1.1111111111111112, 2.2222222222222223, 4.444444444444445, 1.1111111111111112, 2.2222222222222223, 1.1111111111111112, 3.3333333333333335, 1.1111111111111112, 1.1111111111111112, 1.1111111111111112, 0.0, 2.2222222222222223, 2.2222222222222223, 3.3333333333333335, 2.2222222222222223, 0.0, 3.3333333333333335, 0.0, 2.2222222222222223, 1.1111111111111112, 4.444444444444445, 2.2222222222222223, 1.1111111111111112, 5.555555555555555, 3.3333333333333335, 2.2222222222222223, 3.3333333333333335, 3.3333333333333335]


classifier: mlp
method: oos-train
dataset_size: data_imbalanced
30 times random select 6 intents
accuracy: 97.1
recall: 55.8
far: 44.2
frr: 1.4
accuracy list: [97.22222222222221, 94.44444444444444, 98.88888888888889, 97.22222222222221, 99.44444444444444, 97.22222222222221, 97.77777777777777, 97.22222222222221, 97.22222222222221, 96.66666666666667, 95.0, 100.0, 98.33333333333333, 95.0, 98.88888888888889, 97.22222222222221, 100.0, 97.77777777777777, 98.88888888888889, 96.11111111111111, 93.33333333333333, 98.88888888888889, 97.77777777777777, 95.0, 91.66666666666666, 97.77777777777777, 96.11111111111111, 96.66666666666667, 97.22222222222221, 96.66666666666667]
recall list: [48.3, 58.5, 43.6, 59.599999999999994, 53.300000000000004, 51.7, 61.0, 61.0, 50.3, 67.4, 50.7, 53.2, 56.99999999999999, 55.800000000000004, 67.2, 55.1, 66.4, 58.099999999999994, 45.2, 47.9, 63.0, 48.6, 58.5, 62.3, 61.0, 54.50000000000001, 52.800000000000004, 56.699999999999996, 53.5, 52.7]
far list: [51.7, 41.5, 56.39999999999999, 40.400000000000006, 46.7, 48.3, 39.0, 39.0, 49.7, 32.6, 49.3, 46.800000000000004, 43.0, 44.2, 32.800000000000004, 44.9, 33.6, 41.9, 54.800000000000004, 52.1, 37.0, 51.4, 41.5, 37.7, 39.0, 45.5, 47.199999999999996, 43.3, 46.5, 47.3]
frr list: [1.1111111111111112, 2.2222222222222223, 0.5555555555555556, 2.2222222222222223, 0.0, 0.0, 1.1111111111111112, 2.7777777777777777, 1.6666666666666667, 2.7777777777777777, 1.1111111111111112, 0.0, 1.1111111111111112, 1.6666666666666667, 0.5555555555555556, 1.6666666666666667, 0.0, 0.5555555555555556, 0.5555555555555556, 0.5555555555555556, 3.888888888888889, 0.0, 0.5555555555555556, 2.2222222222222223, 5.0, 0.5555555555555556, 1.6666666666666667, 1.6666666666666667, 1.6666666666666667, 1.6666666666666667]


classifier: mlp
method: oos-train
dataset_size: data_imbalanced
30 times random select 9 intents
accuracy: 96.2
recall: 47.0
far: 53.0
frr: 1.0
accuracy list: [99.62962962962963, 94.81481481481482, 96.29629629629629, 95.18518518518519, 97.4074074074074, 95.55555555555556, 97.77777777777777, 95.92592592592592, 96.66666666666667, 97.03703703703704, 95.18518518518519, 88.88888888888889, 98.51851851851852, 96.29629629629629, 95.55555555555556, 94.81481481481482, 97.77777777777777, 95.92592592592592, 97.4074074074074, 98.14814814814815, 95.55555555555556, 98.14814814814815, 95.18518518518519, 92.22222222222223, 97.4074074074074, 93.33333333333333, 96.66666666666667, 95.55555555555556, 98.51851851851852, 98.51851851851852]
recall list: [49.3, 40.300000000000004, 47.9, 40.699999999999996, 50.7, 51.4, 47.099999999999994, 48.5, 55.2, 51.6, 40.699999999999996, 49.1, 39.900000000000006, 54.2, 42.6, 39.6, 55.00000000000001, 36.9, 49.1, 36.7, 39.300000000000004, 62.6, 46.400000000000006, 49.8, 46.7, 48.3, 43.1, 52.300000000000004, 50.1, 43.6]
far list: [50.7, 59.699999999999996, 52.1, 59.3, 49.3, 48.6, 52.900000000000006, 51.5, 44.800000000000004, 48.4, 59.3, 50.9, 60.099999999999994, 45.800000000000004, 57.4, 60.4, 45.0, 63.1, 50.9, 63.3, 60.699999999999996, 37.4, 53.6, 50.2, 53.300000000000004, 51.7, 56.89999999999999, 47.699999999999996, 49.9, 56.39999999999999]
frr list: [0.3703703703703704, 1.1111111111111112, 1.1111111111111112, 0.3703703703703704, 0.7407407407407408, 1.1111111111111112, 0.0, 2.9629629629629632, 2.9629629629629632, 0.3703703703703704, 0.3703703703703704, 0.7407407407407408, 0.3703703703703704, 1.8518518518518516, 1.1111111111111112, 1.8518518518518516, 1.1111111111111112, 0.3703703703703704, 0.3703703703703704, 0.3703703703703704, 1.1111111111111112, 1.1111111111111112, 1.8518518518518516, 0.7407407407407408, 0.7407407407407408, 1.8518518518518516, 0.3703703703703704, 2.2222222222222223, 0.7407407407407408, 0.3703703703703704]


classifier: mlp
method: oos-train
dataset_size: data_imbalanced
30 times random select 12 intents
accuracy: 96.3
recall: 44.8
far: 55.2
frr: 0.9
accuracy list: [96.11111111111111, 98.33333333333333, 97.77777777777777, 96.66666666666667, 94.72222222222221, 97.5, 97.22222222222221, 95.55555555555556, 95.55555555555556, 96.94444444444444, 95.83333333333334, 97.22222222222221, 96.66666666666667, 97.77777777777777, 94.44444444444444, 96.38888888888889, 96.94444444444444, 96.94444444444444, 96.66666666666667, 97.22222222222221, 98.05555555555556, 93.61111111111111, 95.0, 95.55555555555556, 90.83333333333333, 98.33333333333333, 94.44444444444444, 97.22222222222221, 95.83333333333334, 96.66666666666667]
recall list: [48.4, 41.8, 58.699999999999996, 44.2, 50.3, 40.2, 34.599999999999994, 36.6, 41.699999999999996, 44.9, 50.7, 52.6, 43.6, 39.0, 49.7, 55.7, 51.300000000000004, 39.7, 42.699999999999996, 43.4, 47.0, 44.0, 36.3, 49.6, 39.5, 38.1, 44.7, 43.8, 48.8, 41.699999999999996]
far list: [51.6, 58.199999999999996, 41.3, 55.800000000000004, 49.7, 59.8, 65.4, 63.4, 58.3, 55.1, 49.3, 47.4, 56.39999999999999, 61.0, 50.3, 44.3, 48.699999999999996, 60.3, 57.3, 56.599999999999994, 53.0, 56.00000000000001, 63.7, 50.4, 60.5, 61.9, 55.300000000000004, 56.2, 51.2, 58.3]
frr list: [0.0, 0.0, 0.8333333333333334, 1.1111111111111112, 0.8333333333333334, 0.5555555555555556, 0.5555555555555556, 0.2777777777777778, 0.8333333333333334, 1.6666666666666667, 1.3888888888888888, 0.5555555555555556, 0.2777777777777778, 0.8333333333333334, 0.2777777777777778, 1.9444444444444444, 1.1111111111111112, 0.5555555555555556, 1.3888888888888888, 0.8333333333333334, 0.2777777777777778, 0.8333333333333334, 0.5555555555555556, 1.9444444444444444, 1.3888888888888888, 0.5555555555555556, 1.1111111111111112, 0.8333333333333334, 1.3888888888888888, 0.8333333333333334]


classifier: mlp
method: oos-train
dataset_size: data_oos_plus
30 times random select 3 intents
accuracy: 96.6
recall: 84.4
far: 15.6
frr: 2.5
accuracy list: [97.77777777777777, 96.66666666666667, 96.66666666666667, 94.44444444444444, 97.77777777777777, 93.33333333333333, 96.66666666666667, 98.88888888888889, 90.0, 96.66666666666667, 100.0, 93.33333333333333, 94.44444444444444, 95.55555555555556, 98.88888888888889, 95.55555555555556, 94.44444444444444, 97.77777777777777, 98.88888888888889, 98.88888888888889, 97.77777777777777, 90.0, 97.77777777777777, 94.44444444444444, 98.88888888888889, 98.88888888888889, 96.66666666666667, 98.88888888888889, 96.66666666666667, 100.0]
recall list: [87.6, 84.39999999999999, 80.30000000000001, 87.4, 78.7, 94.0, 87.4, 77.0, 88.3, 91.3, 86.9, 85.6, 84.5, 85.9, 74.6, 87.2, 84.3, 78.7, 79.3, 81.8, 87.0, 86.5, 80.7, 89.0, 85.39999999999999, 87.5, 83.1, 84.1, 87.7, 75.8]
far list: [12.4, 15.6, 19.7, 12.6, 21.3, 6.0, 12.6, 23.0, 11.700000000000001, 8.7, 13.100000000000001, 14.399999999999999, 15.5, 14.099999999999998, 25.4, 12.8, 15.7, 21.3, 20.7, 18.2, 13.0, 13.5, 19.3, 11.0, 14.6, 12.5, 16.900000000000002, 15.9, 12.3, 24.2]
frr list: [2.2222222222222223, 3.3333333333333335, 2.2222222222222223, 5.555555555555555, 1.1111111111111112, 6.666666666666667, 3.3333333333333335, 1.1111111111111112, 5.555555555555555, 1.1111111111111112, 0.0, 6.666666666666667, 4.444444444444445, 2.2222222222222223, 0.0, 3.3333333333333335, 5.555555555555555, 1.1111111111111112, 0.0, 1.1111111111111112, 1.1111111111111112, 2.2222222222222223, 1.1111111111111112, 4.444444444444445, 1.1111111111111112, 1.1111111111111112, 3.3333333333333335, 1.1111111111111112, 3.3333333333333335, 0.0]


classifier: mlp
method: oos-train
dataset_size: data_oos_plus
30 times random select 6 intents
accuracy: 96.3
recall: 79.7
far: 20.3
frr: 2.8
accuracy list: [96.66666666666667, 96.66666666666667, 97.77777777777777, 97.22222222222221, 96.11111111111111, 93.88888888888889, 95.55555555555556, 98.33333333333333, 95.55555555555556, 95.55555555555556, 95.0, 97.77777777777777, 95.0, 94.44444444444444, 99.44444444444444, 92.22222222222223, 98.33333333333333, 97.22222222222221, 96.11111111111111, 93.33333333333333, 96.66666666666667, 96.66666666666667, 97.77777777777777, 95.0, 98.33333333333333, 96.66666666666667, 97.22222222222221, 97.77777777777777, 94.44444444444444, 96.66666666666667]
recall list: [79.60000000000001, 82.6, 72.7, 79.0, 79.60000000000001, 79.60000000000001, 80.2, 75.7, 85.6, 85.3, 81.69999999999999, 76.8, 81.69999999999999, 76.0, 81.69999999999999, 74.5, 79.4, 76.5, 85.6, 80.7, 82.3, 80.80000000000001, 79.9, 79.4, 80.4, 80.2, 81.69999999999999, 75.0, 74.2, 83.8]
far list: [20.4, 17.4, 27.3, 21.0, 20.4, 20.4, 19.8, 24.3, 14.399999999999999, 14.7, 18.3, 23.200000000000003, 18.3, 24.0, 18.3, 25.5, 20.599999999999998, 23.5, 14.399999999999999, 19.3, 17.7, 19.2, 20.1, 20.599999999999998, 19.6, 19.8, 18.3, 25.0, 25.8, 16.2]
frr list: [3.3333333333333335, 3.3333333333333335, 1.1111111111111112, 2.7777777777777777, 2.2222222222222223, 4.444444444444445, 4.444444444444445, 1.1111111111111112, 3.3333333333333335, 2.7777777777777777, 4.444444444444445, 2.2222222222222223, 5.0, 4.444444444444445, 0.5555555555555556, 3.888888888888889, 1.1111111111111112, 2.2222222222222223, 2.2222222222222223, 6.111111111111111, 2.2222222222222223, 1.6666666666666667, 2.2222222222222223, 2.7777777777777777, 1.1111111111111112, 3.3333333333333335, 1.6666666666666667, 1.1111111111111112, 2.7777777777777777, 3.3333333333333335]


classifier: mlp
method: oos-train
dataset_size: data_oos_plus
30 times random select 9 intents
accuracy: 96.6
recall: 72.1
far: 27.9
frr: 1.8
accuracy list: [97.77777777777777, 96.66666666666667, 98.88888888888889, 97.77777777777777, 99.25925925925925, 96.29629629629629, 97.4074074074074, 95.18518518518519, 96.29629629629629, 97.77777777777777, 97.03703703703704, 91.48148148148148, 98.88888888888889, 97.77777777777777, 92.96296296296296, 95.92592592592592, 97.4074074074074, 97.77777777777777, 94.44444444444444, 96.29629629629629, 96.66666666666667, 92.5925925925926, 97.03703703703704, 96.66666666666667, 97.03703703703704, 97.4074074074074, 97.77777777777777, 94.07407407407408, 97.03703703703704, 97.4074074074074]
recall list: [65.10000000000001, 78.0, 73.2, 76.7, 67.80000000000001, 74.7, 74.2, 74.8, 68.2, 70.89999999999999, 67.2, 72.8, 70.0, 74.9, 75.1, 68.8, 73.6, 71.39999999999999, 69.1, 72.0, 72.0, 70.8, 71.3, 80.80000000000001, 67.7, 81.0, 73.4, 65.0, 74.3, 69.19999999999999]
far list: [34.9, 22.0, 26.8, 23.3, 32.2, 25.3, 25.8, 25.2, 31.8, 29.099999999999998, 32.800000000000004, 27.200000000000003, 30.0, 25.1, 24.9, 31.2, 26.400000000000002, 28.599999999999998, 30.9, 28.000000000000004, 28.000000000000004, 29.2, 28.7, 19.2, 32.300000000000004, 19.0, 26.6, 35.0, 25.7, 30.8]
frr list: [0.7407407407407408, 1.4814814814814816, 0.3703703703703704, 1.8518518518518516, 0.0, 3.3333333333333335, 1.8518518518518516, 1.8518518518518516, 2.9629629629629632, 1.4814814814814816, 0.7407407407407408, 5.185185185185185, 0.7407407407407408, 1.4814814814814816, 2.9629629629629632, 1.1111111111111112, 1.8518518518518516, 1.1111111111111112, 2.9629629629629632, 1.4814814814814816, 0.7407407407407408, 2.9629629629629632, 0.7407407407407408, 2.5925925925925926, 1.4814814814814816, 2.2222222222222223, 0.7407407407407408, 2.9629629629629632, 2.2222222222222223, 2.2222222222222223]


classifier: mlp
method: oos-train
dataset_size: data_oos_plus
30 times random select 12 intents
accuracy: 96.5
recall: 69.2
far: 30.8
frr: 2.0
accuracy list: [97.5, 98.05555555555556, 95.83333333333334, 96.94444444444444, 96.94444444444444, 97.5, 96.38888888888889, 96.11111111111111, 96.66666666666667, 95.83333333333334, 98.05555555555556, 97.22222222222221, 96.94444444444444, 97.77777777777777, 96.94444444444444, 98.05555555555556, 95.0, 95.83333333333334, 96.94444444444444, 96.66666666666667, 95.55555555555556, 95.83333333333334, 98.05555555555556, 95.83333333333334, 96.66666666666667, 95.27777777777777, 95.83333333333334, 94.72222222222221, 93.33333333333333, 97.77777777777777]
recall list: [69.19999999999999, 70.19999999999999, 72.89999999999999, 70.3, 67.10000000000001, 67.5, 64.1, 76.0, 69.19999999999999, 71.7, 68.0, 68.7, 67.10000000000001, 71.89999999999999, 65.9, 65.2, 66.4, 70.5, 70.5, 65.5, 69.8, 69.8, 68.30000000000001, 66.9, 72.8, 69.39999999999999, 73.0, 67.5, 73.1, 68.89999999999999]
far list: [30.8, 29.799999999999997, 27.1, 29.7, 32.9, 32.5, 35.9, 24.0, 30.8, 28.299999999999997, 32.0, 31.3, 32.9, 28.1, 34.1, 34.8, 33.6, 29.5, 29.5, 34.5, 30.2, 30.2, 31.7, 33.1, 27.200000000000003, 30.599999999999998, 27.0, 32.5, 26.900000000000002, 31.1]
frr list: [1.6666666666666667, 0.8333333333333334, 2.5, 2.5, 2.2222222222222223, 2.2222222222222223, 1.9444444444444444, 0.5555555555555556, 1.9444444444444444, 2.7777777777777777, 1.1111111111111112, 1.1111111111111112, 1.9444444444444444, 0.5555555555555556, 1.9444444444444444, 0.5555555555555556, 2.5, 1.6666666666666667, 1.6666666666666667, 0.8333333333333334, 3.3333333333333335, 1.9444444444444444, 1.6666666666666667, 3.3333333333333335, 3.0555555555555554, 2.2222222222222223, 2.7777777777777777, 2.5, 3.3333333333333335, 1.3888888888888888]


