classifier: fasttext
method: oos-binary
dataset_size: binary_undersample
30 times random select 3 intents
accuracy: 1.9
recall: 30.4
far: 69.6
frr: 3.5
accuracy list: [1.8888888888888888, 1.9333333333333333, 1.9777777777777776, 1.7999999999999998, 1.9777777777777776, 1.9777777777777776, 1.911111111111111, 1.8888888888888888, 1.9555555555555555, 1.9777777777777776, 1.911111111111111, 1.8888888888888888, 1.5555555555555556, 1.911111111111111, 1.9555555555555555, 1.6666666666666667, 1.866666666666667, 1.9555555555555555, 1.7999999999999998, 1.9333333333333333, 1.866666666666667, 1.9333333333333333, 1.8888888888888888, 1.8888888888888888, 1.866666666666667, 1.8444444444444443, 1.9777777777777776, 1.7999999999999998, 1.9777777777777776, 1.8444444444444443]
recall list: [30.4, 30.3, 29.9, 30.4, 30.2, 30.099999999999998, 30.599999999999998, 30.9, 30.5, 30.599999999999998, 30.4, 30.099999999999998, 30.4, 30.599999999999998, 30.2, 30.7, 30.5, 30.599999999999998, 30.0, 30.3, 30.599999999999998, 29.9, 30.3, 30.5, 30.099999999999998, 30.7, 30.7, 30.2, 30.3, 30.599999999999998]
far list: [69.6, 69.69999999999999, 70.1, 69.6, 69.8, 69.89999999999999, 69.39999999999999, 69.1, 69.5, 69.39999999999999, 69.6, 69.89999999999999, 69.6, 69.39999999999999, 69.8, 69.3, 69.5, 69.39999999999999, 70.0, 69.69999999999999, 69.39999999999999, 70.1, 69.69999999999999, 69.5, 69.89999999999999, 69.3, 69.3, 69.8, 69.69999999999999, 69.39999999999999]
frr list: [3.4222222222222225, 3.4666666666666663, 3.5111111111111115, 3.5999999999999996, 3.4888888888888885, 3.4888888888888885, 3.5555555555555554, 3.5777777777777775, 3.6222222222222227, 3.5333333333333337, 3.5777777777777775, 3.5555555555555554, 3.5333333333333337, 3.5999999999999996, 3.5999999999999996, 3.4666666666666663, 3.5777777777777775, 3.4444444444444446, 3.5333333333333337, 3.644444444444445, 3.5777777777777775, 3.5999999999999996, 3.5111111111111115, 3.5555555555555554, 3.5111111111111115, 3.5333333333333337, 3.5555555555555554, 3.5999999999999996, 3.4888888888888885, 3.5777777777777775]


classifier: fasttext
method: oos-binary
dataset_size: binary_undersample
30 times random select 6 intents
accuracy: 3.8
recall: 30.3
far: 69.7
frr: 3.5
accuracy list: [3.8, 3.844444444444445, 3.8, 3.5777777777777775, 3.7555555555555555, 3.7777777777777777, 3.8, 3.933333333333333, 3.3777777777777773, 3.733333333333334, 3.911111111111111, 3.844444444444445, 3.822222222222222, 3.8666666666666667, 3.822222222222222, 3.822222222222222, 3.711111111111111, 3.888888888888889, 3.844444444444445, 3.7777777777777777, 3.844444444444445, 3.6888888888888887, 3.888888888888889, 3.822222222222222, 3.822222222222222, 3.8, 3.8666666666666667, 3.888888888888889, 3.911111111111111, 3.844444444444445]
recall list: [30.099999999999998, 30.7, 30.5, 30.2, 30.099999999999998, 30.4, 30.0, 30.099999999999998, 30.5, 30.099999999999998, 30.599999999999998, 30.3, 30.5, 30.8, 29.599999999999998, 30.4, 29.9, 30.7, 30.3, 30.4, 30.3, 30.5, 30.099999999999998, 30.3, 30.2, 31.0, 30.3, 30.0, 30.4, 30.3]
far list: [69.89999999999999, 69.3, 69.5, 69.8, 69.89999999999999, 69.6, 70.0, 69.89999999999999, 69.5, 69.89999999999999, 69.39999999999999, 69.69999999999999, 69.5, 69.19999999999999, 70.39999999999999, 69.6, 70.1, 69.3, 69.69999999999999, 69.6, 69.69999999999999, 69.5, 69.89999999999999, 69.69999999999999, 69.8, 69.0, 69.69999999999999, 70.0, 69.6, 69.69999999999999]
frr list: [3.5555555555555554, 3.5333333333333337, 3.5333333333333337, 3.5555555555555554, 3.4888888888888885, 3.5777777777777775, 3.644444444444445, 3.4888888888888885, 3.5555555555555554, 3.5555555555555554, 3.4666666666666663, 3.5111111111111115, 3.5111111111111115, 3.5777777777777775, 3.4444444444444446, 3.4888888888888885, 3.5999999999999996, 3.5999999999999996, 3.5999999999999996, 3.5333333333333337, 3.5555555555555554, 3.5555555555555554, 3.5555555555555554, 3.5333333333333337, 3.5333333333333337, 3.4888888888888885, 3.5777777777777775, 3.5555555555555554, 3.5777777777777775, 3.5333333333333337]


classifier: fasttext
method: oos-binary
dataset_size: binary_undersample
30 times random select 9 intents
accuracy: 5.6
recall: 30.3
far: 69.7
frr: 3.6
accuracy list: [5.377777777777778, 5.711111111111111, 5.688888888888889, 5.111111111111112, 5.333333333333334, 5.666666666666666, 5.555555555555555, 5.844444444444444, 5.644444444444444, 5.844444444444444, 5.555555555555555, 5.666666666666666, 5.777777777777778, 5.844444444444444, 5.711111111111111, 5.733333333333333, 5.377777777777778, 5.644444444444444, 5.777777777777778, 5.688888888888889, 5.7555555555555555, 5.577777777777778, 5.711111111111111, 5.866666666666666, 5.622222222222222, 5.444444444444444, 5.444444444444444, 5.844444444444444, 5.644444444444444, 5.577777777777778]
recall list: [30.099999999999998, 30.3, 30.2, 30.099999999999998, 30.2, 30.4, 30.8, 30.2, 30.2, 30.4, 30.5, 30.3, 30.2, 30.3, 30.5, 30.4, 30.3, 30.5, 30.5, 30.2, 30.3, 30.5, 30.3, 30.2, 30.2, 30.4, 30.5, 30.2, 30.2, 30.2]
far list: [69.89999999999999, 69.69999999999999, 69.8, 69.89999999999999, 69.8, 69.6, 69.19999999999999, 69.8, 69.8, 69.6, 69.5, 69.69999999999999, 69.8, 69.69999999999999, 69.5, 69.6, 69.69999999999999, 69.5, 69.5, 69.8, 69.69999999999999, 69.5, 69.69999999999999, 69.8, 69.8, 69.6, 69.5, 69.8, 69.8, 69.8]
frr list: [3.5555555555555554, 3.5777777777777775, 3.5111111111111115, 3.5777777777777775, 3.5999999999999996, 3.5555555555555554, 3.4444444444444446, 3.5777777777777775, 3.5777777777777775, 3.5333333333333337, 3.5333333333333337, 3.5777777777777775, 3.5777777777777775, 3.5555555555555554, 3.5555555555555554, 3.5333333333333337, 3.4666666666666663, 3.5555555555555554, 3.5777777777777775, 3.5555555555555554, 3.5555555555555554, 3.5999999999999996, 3.5111111111111115, 3.5555555555555554, 3.5777777777777775, 3.5333333333333337, 3.6222222222222227, 3.5777777777777775, 3.5111111111111115, 3.5111111111111115]


classifier: fasttext
method: oos-binary
dataset_size: binary_undersample
30 times random select 12 intents
accuracy: 7.5
recall: 30.3
far: 69.7
frr: 3.5
accuracy list: [7.466666666666668, 7.622222222222222, 7.6, 7.311111111111111, 7.6, 7.533333333333333, 7.488888888888889, 7.466666666666668, 7.5777777777777775, 7.8, 7.6, 7.622222222222222, 7.5777777777777775, 7.555555555555555, 7.666666666666666, 7.555555555555555, 7.733333333333333, 7.3999999999999995, 7.555555555555555, 7.6, 7.177777777777777, 7.666666666666666, 7.6, 7.466666666666668, 7.7555555555555555, 7.466666666666668, 7.444444444444444, 7.466666666666668, 7.488888888888889, 7.555555555555555]
recall list: [30.2, 30.4, 30.3, 30.2, 30.599999999999998, 30.5, 30.0, 30.3, 30.3, 30.2, 30.599999999999998, 30.2, 30.2, 30.599999999999998, 30.2, 30.3, 30.2, 30.3, 30.4, 30.5, 30.2, 30.4, 30.4, 30.4, 30.3, 30.7, 30.099999999999998, 30.3, 30.3, 30.5]
far list: [69.8, 69.6, 69.69999999999999, 69.8, 69.39999999999999, 69.5, 70.0, 69.69999999999999, 69.69999999999999, 69.8, 69.39999999999999, 69.8, 69.8, 69.39999999999999, 69.8, 69.69999999999999, 69.8, 69.69999999999999, 69.6, 69.5, 69.8, 69.6, 69.6, 69.6, 69.69999999999999, 69.3, 69.89999999999999, 69.69999999999999, 69.69999999999999, 69.5]
frr list: [3.5333333333333337, 3.5777777777777775, 3.5777777777777775, 3.4666666666666663, 3.5111111111111115, 3.5555555555555554, 3.5333333333333337, 3.6222222222222227, 3.5333333333333337, 3.5777777777777775, 3.4888888888888885, 3.5333333333333337, 3.5333333333333337, 3.5333333333333337, 3.5777777777777775, 3.5333333333333337, 3.5333333333333337, 3.5555555555555554, 3.5111111111111115, 3.5555555555555554, 3.4888888888888885, 3.5111111111111115, 3.5333333333333337, 3.5333333333333337, 3.5555555555555554, 3.4222222222222225, 3.5333333333333337, 3.5333333333333337, 3.5333333333333337, 3.5333333333333337]


classifier: fasttext
method: oos-binary
dataset_size: binary_wiki_aug
30 times random select 3 intents
accuracy: 1.9
recall: 42.6
far: 57.4
frr: 3.2
accuracy list: [1.9555555555555555, 1.9777777777777776, 2.0, 1.8444444444444443, 1.866666666666667, 1.9777777777777776, 1.9555555555555555, 1.8888888888888888, 2.0, 1.9555555555555555, 2.0, 1.7999999999999998, 1.8888888888888888, 1.8444444444444443, 1.9777777777777776, 1.866666666666667, 1.911111111111111, 1.9555555555555555, 1.866666666666667, 1.9333333333333333, 1.9333333333333333, 1.9777777777777776, 1.9555555555555555, 1.7333333333333332, 1.9555555555555555, 2.0, 1.866666666666667, 1.8888888888888888, 1.911111111111111, 1.9555555555555555]
recall list: [55.7, 40.0, 39.6, 43.1, 38.800000000000004, 40.699999999999996, 47.4, 45.1, 38.0, 42.199999999999996, 41.099999999999994, 40.699999999999996, 40.6, 40.2, 41.199999999999996, 45.2, 41.3, 36.8, 40.6, 40.400000000000006, 39.4, 42.699999999999996, 47.4, 51.300000000000004, 48.4, 39.0, 41.5, 39.7, 47.8, 40.8]
far list: [44.3, 60.0, 60.4, 56.89999999999999, 61.199999999999996, 59.3, 52.6, 54.900000000000006, 62.0, 57.8, 58.9, 59.3, 59.4, 59.8, 58.8, 54.800000000000004, 58.699999999999996, 63.2, 59.4, 59.599999999999994, 60.6, 57.3, 52.6, 48.699999999999996, 51.6, 61.0, 58.5, 60.3, 52.2, 59.199999999999996]
frr list: [6.844444444444445, 2.488888888888889, 2.533333333333333, 3.2444444444444445, 2.311111111111111, 2.6444444444444444, 4.066666666666666, 3.5555555555555554, 2.3555555555555556, 2.7777777777777777, 2.688888888888889, 2.7555555555555555, 2.6, 2.6, 2.555555555555556, 3.6666666666666665, 2.7333333333333334, 2.311111111111111, 2.711111111111111, 2.7333333333333334, 2.488888888888889, 2.9555555555555557, 3.933333333333333, 4.911111111111111, 4.3999999999999995, 2.555555555555556, 3.0, 2.488888888888889, 5.088888888888889, 2.7777777777777777]


classifier: fasttext
method: oos-binary
dataset_size: binary_wiki_aug
30 times random select 6 intents
accuracy: 3.8
recall: 41.4
far: 58.6
frr: 2.9
accuracy list: [3.822222222222222, 3.6666666666666665, 3.911111111111111, 3.7777777777777777, 3.9555555555555553, 3.911111111111111, 3.911111111111111, 3.8, 3.733333333333334, 3.911111111111111, 3.977777777777778, 3.8666666666666667, 3.6222222222222227, 3.8666666666666667, 3.733333333333334, 3.822222222222222, 3.822222222222222, 3.733333333333334, 3.8, 3.933333333333333, 3.9555555555555553, 3.711111111111111, 3.911111111111111, 3.8, 3.888888888888889, 3.7777777777777777, 3.6888888888888887, 3.7777777777777777, 3.5777777777777775, 3.9555555555555553]
recall list: [38.7, 42.699999999999996, 40.5, 44.800000000000004, 42.9, 40.8, 46.1, 42.199999999999996, 44.1, 39.900000000000006, 40.0, 40.9, 40.0, 35.9, 42.0, 38.1, 40.6, 39.7, 45.9, 41.6, 40.300000000000004, 37.4, 39.800000000000004, 39.6, 40.8, 42.3, 47.699999999999996, 40.6, 43.9, 41.199999999999996]
far list: [61.3, 57.3, 59.5, 55.2, 57.099999999999994, 59.199999999999996, 53.900000000000006, 57.8, 55.900000000000006, 60.099999999999994, 60.0, 59.099999999999994, 60.0, 64.1, 57.99999999999999, 61.9, 59.4, 60.3, 54.1, 58.4, 59.699999999999996, 62.6, 60.199999999999996, 60.4, 59.199999999999996, 57.699999999999996, 52.300000000000004, 59.4, 56.10000000000001, 58.8]
frr list: [2.4, 3.2222222222222223, 2.8000000000000003, 3.2444444444444445, 3.022222222222222, 2.6444444444444444, 3.6666666666666665, 2.888888888888889, 3.4000000000000004, 2.6, 2.6444444444444444, 2.7555555555555555, 2.888888888888889, 2.4, 2.7555555555555555, 2.3333333333333335, 2.8000000000000003, 2.466666666666667, 4.266666666666667, 2.7333333333333334, 2.688888888888889, 2.4, 2.4444444444444446, 2.6, 2.7555555555555555, 2.977777777777778, 4.3999999999999995, 2.711111111111111, 3.3111111111111113, 2.7777777777777777]


classifier: fasttext
method: oos-binary
dataset_size: binary_wiki_aug
30 times random select 9 intents
accuracy: 5.7
recall: 42.4
far: 57.6
frr: 3.1
accuracy list: [5.6000000000000005, 5.622222222222222, 5.800000000000001, 5.800000000000001, 5.844444444444444, 5.888888888888888, 5.6000000000000005, 5.844444444444444, 5.688888888888889, 5.533333333333333, 5.577777777777778, 5.866666666666666, 5.555555555555555, 5.866666666666666, 5.777777777777778, 5.533333333333333, 5.777777777777778, 5.822222222222222, 5.822222222222222, 5.6000000000000005, 5.733333333333333, 5.800000000000001, 5.733333333333333, 5.466666666666667, 5.733333333333333, 5.444444444444444, 5.822222222222222, 5.688888888888889, 5.6000000000000005, 5.800000000000001]
recall list: [39.900000000000006, 46.7, 38.6, 38.3, 38.9, 48.199999999999996, 48.4, 39.900000000000006, 39.2, 39.7, 44.1, 38.6, 42.3, 43.3, 38.5, 44.0, 39.4, 46.400000000000006, 47.9, 46.800000000000004, 39.7, 39.7, 50.1, 41.5, 45.300000000000004, 44.2, 38.800000000000004, 40.6, 42.699999999999996, 39.800000000000004]
far list: [60.099999999999994, 53.300000000000004, 61.4, 61.7, 61.1, 51.800000000000004, 51.6, 60.099999999999994, 60.8, 60.3, 55.900000000000006, 61.4, 57.699999999999996, 56.699999999999996, 61.5, 56.00000000000001, 60.6, 53.6, 52.1, 53.2, 60.3, 60.3, 49.9, 58.5, 54.7, 55.800000000000004, 61.199999999999996, 59.4, 57.3, 60.199999999999996]
frr list: [2.688888888888889, 3.8666666666666667, 2.4, 2.422222222222222, 2.6, 4.311111111111112, 4.555555555555555, 2.577777777777778, 2.533333333333333, 2.666666666666667, 3.3111111111111113, 2.466666666666667, 3.0666666666666664, 3.355555555555555, 2.311111111111111, 3.3777777777777773, 2.6444444444444444, 3.911111111111111, 4.377777777777777, 3.6666666666666665, 2.4444444444444446, 2.555555555555556, 5.022222222222222, 2.7555555555555555, 3.911111111111111, 3.4000000000000004, 2.555555555555556, 2.7777777777777777, 3.022222222222222, 2.577777777777778]


classifier: fasttext
method: oos-binary
dataset_size: binary_wiki_aug
30 times random select 12 intents
accuracy: 7.5
recall: 42.1
far: 57.9
frr: 3.8
accuracy list: [7.777777777777778, 7.7555555555555555, 7.3999999999999995, 7.644444444444444, 7.511111111111111, 7.533333333333333, 7.488888888888889, 7.355555555555555, 7.377777777777777, 7.622222222222222, 7.511111111111111, 7.666666666666666, 7.866666666666666, 7.444444444444444, 5.888888888888888, 7.622222222222222, 7.6, 7.68888888888889, 7.666666666666666, 7.533333333333333, 7.666666666666666, 7.488888888888889, 7.8, 7.377777777777777, 7.7555555555555555, 7.7555555555555555, 7.622222222222222, 7.422222222222222, 7.377777777777777, 7.822222222222222]
recall list: [36.6, 42.699999999999996, 42.9, 37.9, 40.0, 42.9, 38.1, 47.9, 47.8, 38.800000000000004, 36.8, 38.4, 40.0, 44.9, 65.7, 49.0, 41.3, 37.7, 37.0, 47.0, 38.5, 46.9, 38.5, 39.2, 38.2, 39.300000000000004, 41.4, 48.6, 41.6, 38.9]
far list: [63.4, 57.3, 57.099999999999994, 62.1, 60.0, 57.099999999999994, 61.9, 52.1, 52.2, 61.199999999999996, 63.2, 61.6, 60.0, 55.1, 34.300000000000004, 51.0, 58.699999999999996, 62.3, 63.0, 53.0, 61.5, 53.1, 61.5, 60.8, 61.8, 60.699999999999996, 58.599999999999994, 51.4, 58.4, 61.1]
frr list: [2.2888888888888888, 2.977777777777778, 3.266666666666666, 2.555555555555556, 2.8000000000000003, 3.3333333333333335, 2.311111111111111, 4.266666666666667, 4.488888888888889, 2.666666666666667, 2.311111111111111, 2.466666666666667, 2.533333333333333, 3.4444444444444446, 26.244444444444444, 4.844444444444444, 2.933333333333333, 2.4, 2.311111111111111, 3.822222222222222, 2.3555555555555556, 4.288888888888889, 2.466666666666667, 2.555555555555556, 2.4444444444444446, 2.533333333333333, 2.7555555555555555, 4.488888888888889, 2.7333333333333334, 2.577777777777778]


