classifier: fasttext
method: oos-threshold
dataset_size: data_full
30 times random select 3 intents
accuracy: 79.7
recall: 83.8
far: 16.2
frr: 20.2
accuracy list: [98.88888888888889, 66.66666666666666, 100.0, 95.55555555555556, 93.33333333333333, 63.33333333333333, 87.77777777777777, 51.11111111111111, 95.55555555555556, 75.55555555555556, 46.666666666666664, 65.55555555555556, 55.55555555555556, 94.44444444444444, 67.77777777777779, 81.11111111111111, 97.77777777777777, 61.111111111111114, 95.55555555555556, 76.66666666666667, 96.66666666666667, 48.888888888888886, 74.44444444444444, 54.44444444444444, 95.55555555555556, 96.66666666666667, 100.0, 62.22222222222222, 93.33333333333333, 100.0]
recall list: [85.1, 99.8, 53.800000000000004, 82.19999999999999, 83.8, 98.4, 91.10000000000001, 99.2, 93.60000000000001, 99.4, 99.9, 98.4, 96.39999999999999, 80.2, 99.2, 71.7, 34.4, 98.1, 75.7, 95.89999999999999, 75.6, 99.4, 99.4, 99.7, 90.60000000000001, 87.0, 19.6, 98.4, 83.6, 25.0]
far list: [14.899999999999999, 0.2, 46.2, 17.8, 16.2, 1.6, 8.9, 0.8, 6.4, 0.6, 0.1, 1.6, 3.5999999999999996, 19.8, 0.8, 28.299999999999997, 65.60000000000001, 1.9, 24.3, 4.1000000000000005, 24.4, 0.6, 0.6, 0.3, 9.4, 13.0, 80.4, 1.6, 16.400000000000002, 75.0]
frr list: [1.1111111111111112, 33.33333333333333, 0.0, 3.3333333333333335, 6.666666666666667, 36.666666666666664, 12.222222222222221, 48.888888888888886, 4.444444444444445, 24.444444444444443, 53.333333333333336, 34.44444444444444, 44.44444444444444, 5.555555555555555, 32.22222222222222, 18.88888888888889, 2.2222222222222223, 38.88888888888889, 4.444444444444445, 23.333333333333332, 3.3333333333333335, 51.11111111111111, 25.555555555555554, 45.55555555555556, 4.444444444444445, 3.3333333333333335, 0.0, 37.77777777777778, 6.666666666666667, 0.0]


classifier: fasttext
method: oos-threshold
dataset_size: data_full
30 times random select 6 intents
accuracy: 94.3
recall: 72.5
far: 27.5
frr: 5.1
accuracy list: [91.66666666666666, 89.44444444444444, 91.66666666666666, 92.77777777777779, 97.22222222222221, 92.22222222222223, 97.22222222222221, 95.55555555555556, 88.88888888888889, 92.22222222222223, 97.22222222222221, 96.66666666666667, 96.11111111111111, 92.77777777777779, 90.0, 89.44444444444444, 97.22222222222221, 96.66666666666667, 91.11111111111111, 97.77777777777777, 97.77777777777777, 96.66666666666667, 99.44444444444444, 94.44444444444444, 98.33333333333333, 93.88888888888889, 92.22222222222223, 91.11111111111111, 98.33333333333333, 93.33333333333333]
recall list: [89.2, 91.3, 76.5, 88.3, 60.199999999999996, 93.8, 44.9, 52.1, 83.8, 91.3, 53.0, 15.4, 44.4, 80.7, 87.7, 92.2, 54.300000000000004, 78.60000000000001, 89.0, 90.4, 52.0, 74.4, 12.0, 91.60000000000001, 71.7, 90.60000000000001, 94.0, 94.3, 40.2, 96.7]
far list: [10.8, 8.7, 23.5, 11.700000000000001, 39.800000000000004, 6.2, 55.1, 47.9, 16.2, 8.7, 47.0, 84.6, 55.60000000000001, 19.3, 12.3, 7.8, 45.7, 21.4, 11.0, 9.6, 48.0, 25.6, 88.0, 8.4, 28.299999999999997, 9.4, 6.0, 5.7, 59.8, 3.3000000000000003]
frr list: [8.333333333333332, 10.555555555555555, 6.666666666666667, 6.666666666666667, 2.2222222222222223, 7.777777777777778, 1.6666666666666667, 2.2222222222222223, 8.88888888888889, 7.777777777777778, 1.6666666666666667, 1.6666666666666667, 3.3333333333333335, 6.111111111111111, 10.0, 10.555555555555555, 1.6666666666666667, 2.7777777777777777, 8.333333333333332, 2.2222222222222223, 2.2222222222222223, 2.7777777777777777, 0.0, 5.0, 1.6666666666666667, 6.111111111111111, 7.777777777777778, 8.88888888888889, 1.1111111111111112, 6.666666666666667]


classifier: fasttext
method: oos-threshold
dataset_size: data_full
30 times random select 9 intents
accuracy: 95.5
recall: 61.8
far: 38.2
frr: 3.5
accuracy list: [95.92592592592592, 94.44444444444444, 95.92592592592592, 95.92592592592592, 97.77777777777777, 95.92592592592592, 97.77777777777777, 98.51851851851852, 97.4074074074074, 89.62962962962962, 94.07407407407408, 96.29629629629629, 97.03703703703704, 92.5925925925926, 92.22222222222223, 88.14814814814815, 94.81481481481482, 98.14814814814815, 90.0, 94.44444444444444, 97.4074074074074, 98.51851851851852, 97.03703703703704, 92.5925925925926, 97.03703703703704, 96.29629629629629, 98.51851851851852, 97.77777777777777, 95.18518518518519, 98.14814814814815]
recall list: [28.199999999999996, 85.5, 90.2, 85.2, 77.7, 64.8, 27.500000000000004, 0.5, 38.7, 87.2, 86.6, 2.8000000000000003, 64.3, 76.6, 88.5, 91.9, 76.7, 21.9, 88.0, 40.6, 59.699999999999996, 53.800000000000004, 60.099999999999994, 80.7, 78.3, 66.2, 59.3, 54.0, 92.0, 27.700000000000003]
far list: [71.8, 14.499999999999998, 9.8, 14.799999999999999, 22.3, 35.199999999999996, 72.5, 99.5, 61.3, 12.8, 13.4, 97.2, 35.699999999999996, 23.400000000000002, 11.5, 8.1, 23.3, 78.10000000000001, 12.0, 59.4, 40.300000000000004, 46.2, 39.900000000000006, 19.3, 21.7, 33.800000000000004, 40.699999999999996, 46.0, 8.0, 72.3]
frr list: [0.0, 5.555555555555555, 4.074074074074074, 4.074074074074074, 2.2222222222222223, 1.1111111111111112, 0.7407407407407408, 0.0, 1.4814814814814816, 10.0, 5.9259259259259265, 0.0, 1.4814814814814816, 5.9259259259259265, 7.777777777777778, 11.481481481481481, 4.074074074074074, 0.3703703703703704, 10.0, 2.5925925925925926, 2.2222222222222223, 0.7407407407407408, 2.9629629629629632, 6.296296296296296, 2.5925925925925926, 2.5925925925925926, 1.4814814814814816, 2.2222222222222223, 4.814814814814815, 0.3703703703703704]


classifier: fasttext
method: oos-threshold
dataset_size: data_full
30 times random select 12 intents
accuracy: 96.1
recall: 48.2
far: 51.8
frr: 2.3
accuracy list: [93.33333333333333, 97.77777777777777, 99.16666666666667, 95.55555555555556, 95.55555555555556, 98.05555555555556, 94.44444444444444, 95.0, 96.94444444444444, 95.55555555555556, 97.5, 98.05555555555556, 97.5, 96.94444444444444, 95.55555555555556, 96.38888888888889, 97.5, 97.77777777777777, 95.27777777777777, 93.88888888888889, 93.05555555555556, 93.33333333333333, 94.44444444444444, 97.77777777777777, 94.16666666666667, 98.05555555555556, 96.66666666666667, 94.44444444444444, 97.22222222222221, 96.38888888888889]
recall list: [20.9, 57.4, 24.9, 79.80000000000001, 51.5, 5.7, 70.5, 63.4, 56.699999999999996, 73.9, 0.1, 13.8, 42.8, 10.0, 66.4, 42.1, 14.6, 22.2, 90.2, 79.0, 87.5, 49.8, 74.8, 60.0, 65.5, 11.700000000000001, 27.3, 65.9, 55.1, 62.7]
far list: [79.10000000000001, 42.6, 75.1, 20.200000000000003, 48.5, 94.3, 29.5, 36.6, 43.3, 26.1, 99.9, 86.2, 57.199999999999996, 90.0, 33.6, 57.9, 85.39999999999999, 77.8, 9.8, 21.0, 12.5, 50.2, 25.2, 40.0, 34.5, 88.3, 72.7, 34.1, 44.9, 37.3]
frr list: [1.1111111111111112, 2.2222222222222223, 0.0, 4.166666666666666, 2.7777777777777777, 0.0, 4.444444444444445, 3.3333333333333335, 1.6666666666666667, 3.6111111111111107, 0.0, 0.0, 0.8333333333333334, 0.5555555555555556, 3.3333333333333335, 1.3888888888888888, 0.2777777777777778, 0.8333333333333334, 4.166666666666666, 6.111111111111111, 5.833333333333333, 2.5, 4.722222222222222, 1.6666666666666667, 3.3333333333333335, 0.2777777777777778, 0.2777777777777778, 5.0, 2.2222222222222223, 3.0555555555555554]


classifier: fasttext
method: oos-threshold
dataset_size: data_small
30 times random select 3 intents
accuracy: 89.1
recall: 70.0
far: 30.1
frr: 10.6
accuracy list: [97.77777777777777, 67.77777777777779, 96.66666666666667, 57.77777777777777, 85.55555555555556, 100.0, 98.88888888888889, 98.88888888888889, 96.66666666666667, 98.88888888888889, 96.66666666666667, 54.44444444444444, 97.77777777777777, 62.22222222222222, 96.66666666666667, 86.66666666666667, 100.0, 94.44444444444444, 100.0, 35.55555555555556, 96.66666666666667, 97.77777777777777, 95.55555555555556, 93.33333333333333, 93.33333333333333, 94.44444444444444, 94.44444444444444, 96.66666666666667, 94.44444444444444, 92.22222222222223]
recall list: [97.5, 99.3, 84.5, 99.4, 81.3, 50.4, 81.2, 37.8, 92.9, 10.2, 68.7, 99.6, 2.3, 99.3, 44.2, 73.1, 82.3, 92.2, 0.8999999999999999, 99.6, 80.80000000000001, 83.8, 88.5, 80.7, 88.3, 78.5, 6.2, 18.2, 84.5, 92.30000000000001]
far list: [2.5, 0.7000000000000001, 15.5, 0.6, 18.7, 49.6, 18.8, 62.2, 7.1, 89.8, 31.3, 0.4, 97.7, 0.7000000000000001, 55.800000000000004, 26.900000000000002, 17.7, 7.8, 99.1, 0.4, 19.2, 16.2, 11.5, 19.3, 11.700000000000001, 21.5, 93.8, 81.8, 15.5, 7.7]
frr list: [2.2222222222222223, 32.22222222222222, 3.3333333333333335, 42.22222222222222, 14.444444444444443, 0.0, 1.1111111111111112, 1.1111111111111112, 3.3333333333333335, 1.1111111111111112, 3.3333333333333335, 45.55555555555556, 0.0, 37.77777777777778, 3.3333333333333335, 13.333333333333334, 0.0, 5.555555555555555, 0.0, 64.44444444444444, 3.3333333333333335, 2.2222222222222223, 4.444444444444445, 6.666666666666667, 6.666666666666667, 5.555555555555555, 1.1111111111111112, 1.1111111111111112, 5.555555555555555, 7.777777777777778]


classifier: fasttext
method: oos-threshold
dataset_size: data_small
30 times random select 6 intents
accuracy: 94.5
recall: 60.0
far: 40.0
frr: 4.5
accuracy list: [96.11111111111111, 95.55555555555556, 90.55555555555556, 94.44444444444444, 81.11111111111111, 99.44444444444444, 98.88888888888889, 92.22222222222223, 100.0, 93.88888888888889, 95.0, 91.11111111111111, 96.11111111111111, 90.0, 95.55555555555556, 100.0, 99.44444444444444, 91.11111111111111, 89.44444444444444, 99.44444444444444, 97.77777777777777, 95.55555555555556, 95.55555555555556, 94.44444444444444, 98.88888888888889, 92.77777777777779, 96.66666666666667, 89.44444444444444, 89.44444444444444, 96.11111111111111]
recall list: [75.4, 66.10000000000001, 88.1, 8.0, 93.10000000000001, 45.9, 80.80000000000001, 72.1, 16.0, 19.2, 67.5, 96.7, 43.8, 75.5, 64.9, 5.800000000000001, 64.3, 88.2, 92.0, 7.8, 31.7, 79.60000000000001, 57.699999999999996, 71.0, 21.099999999999998, 66.7, 77.4, 91.7, 50.0, 80.5]
far list: [24.6, 33.900000000000006, 11.899999999999999, 92.0, 6.9, 54.1, 19.2, 27.900000000000002, 84.0, 80.80000000000001, 32.5, 3.3000000000000003, 56.2, 24.5, 35.099999999999994, 94.19999999999999, 35.699999999999996, 11.799999999999999, 8.0, 92.2, 68.30000000000001, 20.4, 42.3, 28.999999999999996, 78.9, 33.300000000000004, 22.6, 8.3, 50.0, 19.5]
frr list: [3.888888888888889, 3.3333333333333335, 9.444444444444445, 0.5555555555555556, 18.88888888888889, 0.5555555555555556, 1.1111111111111112, 6.111111111111111, 0.0, 1.1111111111111112, 4.444444444444445, 8.88888888888889, 2.2222222222222223, 8.333333333333332, 3.888888888888889, 0.0, 0.5555555555555556, 8.88888888888889, 10.0, 0.0, 1.6666666666666667, 2.7777777777777777, 3.3333333333333335, 4.444444444444445, 0.5555555555555556, 6.666666666666667, 3.3333333333333335, 10.0, 5.0, 3.888888888888889]


classifier: fasttext
method: oos-threshold
dataset_size: data_small
30 times random select 9 intents
accuracy: 95.5
recall: 45.8
far: 54.2
frr: 3.1
accuracy list: [94.07407407407408, 96.66666666666667, 96.66666666666667, 97.77777777777777, 97.77777777777777, 96.29629629629629, 97.77777777777777, 89.25925925925927, 95.18518518518519, 98.88888888888889, 97.03703703703704, 95.92592592592592, 94.81481481481482, 90.74074074074075, 96.29629629629629, 97.03703703703704, 93.33333333333333, 96.29629629629629, 98.14814814814815, 97.4074074074074, 93.33333333333333, 94.81481481481482, 92.5925925925926, 96.66666666666667, 96.29629629629629, 98.14814814814815, 93.33333333333333, 98.14814814814815, 95.55555555555556, 87.77777777777777]
recall list: [79.9, 35.4, 26.200000000000003, 8.200000000000001, 5.6000000000000005, 10.100000000000001, 31.0, 93.4, 56.39999999999999, 3.8, 5.0, 73.5, 61.9, 61.7, 74.7, 77.60000000000001, 32.9, 43.2, 7.5, 51.300000000000004, 73.2, 28.1, 77.7, 41.6, 64.8, 7.3, 52.400000000000006, 33.0, 63.1, 93.5]
far list: [20.1, 64.60000000000001, 73.8, 91.8, 94.39999999999999, 89.9, 69.0, 6.6000000000000005, 43.6, 96.2, 95.0, 26.5, 38.1, 38.3, 25.3, 22.400000000000002, 67.10000000000001, 56.8, 92.5, 48.699999999999996, 26.8, 71.89999999999999, 22.3, 58.4, 35.199999999999996, 92.7, 47.599999999999994, 67.0, 36.9, 6.5]
frr list: [5.185185185185185, 1.8518518518518516, 0.0, 0.3703703703703704, 0.0, 0.0, 0.3703703703703704, 10.74074074074074, 4.444444444444445, 0.0, 0.3703703703703704, 4.074074074074074, 2.5925925925925926, 7.777777777777778, 3.7037037037037033, 2.9629629629629632, 1.1111111111111112, 2.2222222222222223, 0.0, 1.8518518518518516, 5.9259259259259265, 4.444444444444445, 7.4074074074074066, 1.8518518518518516, 1.8518518518518516, 0.3703703703703704, 5.555555555555555, 1.4814814814814816, 2.9629629629629632, 11.851851851851853]


classifier: fasttext
method: oos-threshold
dataset_size: data_small
30 times random select 12 intents
accuracy: 95.5
recall: 34.5
far: 65.5
frr: 2.0
accuracy list: [95.55555555555556, 95.27777777777777, 95.55555555555556, 94.72222222222221, 97.22222222222221, 91.94444444444444, 97.22222222222221, 98.05555555555556, 93.88888888888889, 98.33333333333333, 96.38888888888889, 98.05555555555556, 94.72222222222221, 96.11111111111111, 93.61111111111111, 96.66666666666667, 97.77777777777777, 93.05555555555556, 96.11111111111111, 95.83333333333334, 91.66666666666666, 96.11111111111111, 95.0, 96.11111111111111, 95.55555555555556, 92.77777777777779, 94.16666666666667, 96.66666666666667, 96.94444444444444, 94.44444444444444]
recall list: [22.900000000000002, 47.8, 13.100000000000001, 44.5, 42.1, 46.0, 49.8, 20.4, 58.699999999999996, 16.3, 73.3, 1.4000000000000001, 22.8, 2.0, 34.4, 25.4, 33.1, 49.3, 35.099999999999994, 30.4, 69.8, 2.9000000000000004, 25.3, 47.199999999999996, 36.0, 64.60000000000001, 43.6, 30.4, 14.799999999999999, 32.5]
far list: [77.10000000000001, 52.2, 86.9, 55.50000000000001, 57.9, 54.0, 50.2, 79.60000000000001, 41.3, 83.7, 26.700000000000003, 98.6, 77.2, 98.0, 65.60000000000001, 74.6, 66.9, 50.7, 64.9, 69.6, 30.2, 97.1, 74.7, 52.800000000000004, 64.0, 35.4, 56.39999999999999, 69.6, 85.2, 67.5]
frr list: [1.1111111111111112, 2.7777777777777777, 1.1111111111111112, 2.2222222222222223, 1.3888888888888888, 3.6111111111111107, 1.9444444444444444, 0.8333333333333334, 3.6111111111111107, 0.2777777777777778, 3.0555555555555554, 0.0, 1.1111111111111112, 0.2777777777777778, 1.6666666666666667, 0.5555555555555556, 0.5555555555555556, 5.0, 0.8333333333333334, 1.3888888888888888, 7.222222222222221, 0.0, 0.8333333333333334, 1.9444444444444444, 2.5, 6.388888888888888, 3.3333333333333335, 1.9444444444444444, 0.2777777777777778, 1.9444444444444444]

---------------- NEW ------------------
classifier: fasttext
method: oos-threshold
dataset_size: data_imbalanced
30 times random select 3 intents
accuracy: 84.8
recall: 81.5
far: 18.5
frr: 15.0
accuracy list: [97.77777777777777, 91.11111111111111, 94.44444444444444, 97.77777777777777, 95.55555555555556, 91.11111111111111, 95.55555555555556, 92.22222222222223, 90.0, 95.55555555555556, 96.66666666666667, 92.22222222222223, 63.33333333333333, 98.88888888888889, 71.11111111111111, 48.888888888888886, 60.0, 54.44444444444444, 93.33333333333333, 94.44444444444444, 58.88888888888889, 47.77777777777778, 98.88888888888889, 96.66666666666667, 93.33333333333333, 93.33333333333333, 50.0, 98.88888888888889, 98.88888888888889, 93.33333333333333]
recall list: [14.099999999999998, 83.39999999999999, 89.60000000000001, 94.8, 86.6, 92.2, 80.10000000000001, 84.39999999999999, 68.0, 74.4, 76.0, 86.4, 98.8, 32.7, 99.2, 98.6, 98.7, 99.0, 88.1, 89.4, 99.6, 99.8, 84.89999999999999, 83.89999999999999, 86.4, 66.0, 99.3, 17.9, 92.30000000000001, 80.4]
far list: [85.9, 16.6, 10.4, 5.2, 13.4, 7.8, 19.900000000000002, 15.6, 32.0, 25.6, 24.0, 13.600000000000001, 1.2, 67.30000000000001, 0.8, 1.4000000000000001, 1.3, 1.0, 11.899999999999999, 10.6, 0.4, 0.2, 15.1, 16.1, 13.600000000000001, 34.0, 0.7000000000000001, 82.1, 7.7, 19.6]
frr list: [0.0, 8.88888888888889, 5.555555555555555, 2.2222222222222223, 4.444444444444445, 8.88888888888889, 3.3333333333333335, 7.777777777777778, 10.0, 4.444444444444445, 3.3333333333333335, 7.777777777777778, 36.666666666666664, 0.0, 28.888888888888886, 51.11111111111111, 40.0, 45.55555555555556, 5.555555555555555, 5.555555555555555, 41.11111111111111, 52.22222222222223, 1.1111111111111112, 3.3333333333333335, 6.666666666666667, 6.666666666666667, 50.0, 1.1111111111111112, 1.1111111111111112, 6.666666666666667]


classifier: fasttext
method: oos-threshold
dataset_size: data_imbalanced
30 times random select 6 intents
accuracy: 94.8
recall: 60.8
far: 39.2
frr: 4.2
accuracy list: [98.33333333333333, 87.22222222222223, 92.77777777777779, 97.22222222222221, 95.55555555555556, 93.33333333333333, 98.88888888888889, 87.77777777777777, 88.88888888888889, 95.0, 94.44444444444444, 93.88888888888889, 92.77777777777779, 96.66666666666667, 96.66666666666667, 96.66666666666667, 98.33333333333333, 94.44444444444444, 93.88888888888889, 96.11111111111111, 95.55555555555556, 91.11111111111111, 98.33333333333333, 90.55555555555556, 97.77777777777777, 96.11111111111111, 96.11111111111111, 93.88888888888889, 99.44444444444444, 96.66666666666667]
recall list: [51.800000000000004, 93.89999999999999, 49.6, 21.3, 58.4, 88.0, 49.9, 91.2, 95.7, 53.1, 74.4, 77.7, 79.3, 71.5, 21.6, 44.6, 57.599999999999994, 69.5, 93.60000000000001, 13.8, 8.4, 65.60000000000001, 22.8, 87.5, 53.7, 71.89999999999999, 66.3, 70.89999999999999, 44.2, 74.8]
far list: [48.199999999999996, 6.1, 50.4, 78.7, 41.6, 12.0, 50.1, 8.799999999999999, 4.3, 46.9, 25.6, 22.3, 20.7, 28.499999999999996, 78.4, 55.400000000000006, 42.4, 30.5, 6.4, 86.2, 91.60000000000001, 34.4, 77.2, 12.5, 46.300000000000004, 28.1, 33.7, 29.099999999999998, 55.800000000000004, 25.2]
frr list: [1.1111111111111112, 12.222222222222221, 6.666666666666667, 0.0, 3.3333333333333335, 6.666666666666667, 1.1111111111111112, 12.222222222222221, 11.11111111111111, 2.7777777777777777, 5.555555555555555, 5.555555555555555, 6.666666666666667, 2.7777777777777777, 0.5555555555555556, 2.7777777777777777, 0.5555555555555556, 4.444444444444445, 6.111111111111111, 0.0, 0.0, 8.333333333333332, 0.0, 9.444444444444445, 1.1111111111111112, 3.3333333333333335, 3.3333333333333335, 5.555555555555555, 0.5555555555555556, 3.3333333333333335]


classifier: fasttext
method: oos-threshold
dataset_size: data_imbalanced
30 times random select 9 intents
accuracy: 95.6
recall: 37.7
far: 62.3
frr: 2.5
accuracy list: [98.14814814814815, 96.29629629629629, 97.03703703703704, 95.55555555555556, 97.4074074074074, 96.29629629629629, 96.66666666666667, 96.66666666666667, 94.44444444444444, 96.66666666666667, 96.66666666666667, 96.66666666666667, 88.51851851851852, 94.44444444444444, 96.66666666666667, 92.96296296296296, 97.03703703703704, 88.88888888888889, 96.29629629629629, 94.44444444444444, 94.44444444444444, 95.92592592592592, 93.33333333333333, 95.55555555555556, 94.81481481481482, 95.92592592592592, 98.51851851851852, 94.81481481481482, 97.03703703703704, 98.51851851851852]
recall list: [5.800000000000001, 2.0, 8.0, 48.5, 9.8, 13.4, 0.6, 9.700000000000001, 39.900000000000006, 21.9, 27.1, 18.4, 83.0, 81.10000000000001, 70.7, 67.5, 39.5, 67.2, 65.9, 47.699999999999996, 69.3, 42.699999999999996, 62.3, 19.1, 54.800000000000004, 58.4, 39.4, 17.2, 0.0, 38.9]
far list: [94.19999999999999, 98.0, 92.0, 51.5, 90.2, 86.6, 99.4, 90.3, 60.099999999999994, 78.10000000000001, 72.89999999999999, 81.6, 17.0, 18.9, 29.299999999999997, 32.5, 60.5, 32.800000000000004, 34.1, 52.300000000000004, 30.7, 57.3, 37.7, 80.9, 45.2, 41.6, 60.6, 82.8, 100.0, 61.1]
frr list: [0.0, 0.0, 0.0, 3.7037037037037033, 0.0, 0.7407407407407408, 0.0, 0.7407407407407408, 4.444444444444445, 0.3703703703703704, 0.3703703703703704, 1.4814814814814816, 10.37037037037037, 3.3333333333333335, 2.2222222222222223, 6.296296296296296, 2.5925925925925926, 8.88888888888889, 3.7037037037037033, 3.7037037037037033, 4.444444444444445, 2.5925925925925926, 4.444444444444445, 1.1111111111111112, 2.9629629629629632, 3.7037037037037033, 0.3703703703703704, 2.5925925925925926, 0.0, 0.3703703703703704]


classifier: fasttext
method: oos-threshold
dataset_size: data_imbalanced
30 times random select 12 intents
accuracy: 95.0
recall: 46.6
far: 53.4
frr: 2.6
accuracy list: [92.77777777777779, 94.44444444444444, 95.55555555555556, 97.22222222222221, 95.27777777777777, 96.66666666666667, 96.38888888888889, 97.22222222222221, 97.77777777777777, 94.16666666666667, 93.61111111111111, 93.61111111111111, 93.33333333333333, 95.0, 91.38888888888889, 98.88888888888889, 94.16666666666667, 95.0, 96.94444444444444, 92.77777777777779, 95.0, 95.0, 91.66666666666666, 95.55555555555556, 97.5, 89.16666666666667, 96.94444444444444, 96.94444444444444, 96.66666666666667, 94.16666666666667]
recall list: [39.900000000000006, 60.5, 38.7, 30.3, 23.7, 10.100000000000001, 78.0, 42.0, 53.0, 76.8, 24.7, 64.2, 40.0, 30.9, 71.89999999999999, 49.8, 40.1, 27.800000000000004, 40.6, 50.9, 53.0, 45.6, 27.1, 52.6, 44.2, 31.5, 81.0, 48.4, 62.1, 59.599999999999994]
far list: [60.099999999999994, 39.5, 61.3, 69.69999999999999, 76.3, 89.9, 22.0, 57.99999999999999, 47.0, 23.200000000000003, 75.3, 35.8, 60.0, 69.1, 28.1, 50.2, 59.9, 72.2, 59.4, 49.1, 47.0, 54.400000000000006, 72.89999999999999, 47.4, 55.800000000000004, 68.5, 19.0, 51.6, 37.9, 40.400000000000006]
frr list: [0.5555555555555556, 3.888888888888889, 3.6111111111111107, 1.1111111111111112, 1.1111111111111112, 0.0, 3.6111111111111107, 1.6666666666666667, 1.1111111111111112, 5.277777777777778, 0.5555555555555556, 4.444444444444445, 5.277777777777778, 1.9444444444444444, 7.222222222222221, 0.8333333333333334, 2.5, 1.6666666666666667, 1.1111111111111112, 5.277777777777778, 1.9444444444444444, 1.3888888888888888, 1.3888888888888888, 2.5, 1.6666666666666667, 5.0, 1.9444444444444444, 2.2222222222222223, 2.2222222222222223, 5.277777777777778]


