classifier: fasttext
method: oos-binary
dataset_size: binary_undersample
30 times random select 3 intents
accuracy: 1.9
recall: 31.0
far: 69.0
frr: 3.5
accuracy list: [1.911111111111111, 1.9555555555555555, 1.8888888888888888, 1.8444444444444443, 1.9777777777777776, 1.8888888888888888, 1.8888888888888888, 1.9777777777777776, 2.0, 1.9555555555555555, 1.7999999999999998, 1.866666666666667, 1.9333333333333333, 1.911111111111111, 1.9777777777777776, 1.9555555555555555, 1.911111111111111, 1.9333333333333333, 1.8888888888888888, 2.0, 1.866666666666667, 1.9777777777777776, 1.9777777777777776, 1.9555555555555555, 1.8888888888888888, 1.8888888888888888, 1.8222222222222224, 2.0, 1.8888888888888888, 1.9777777777777776]
recall list: [30.9, 30.7, 30.5, 31.2, 31.3, 31.2, 30.7, 31.0, 30.8, 31.3, 30.7, 31.3, 31.4, 30.9, 31.0, 31.4, 31.2, 31.2, 31.2, 30.5, 30.9, 30.8, 31.0, 30.9, 31.0, 31.4, 30.8, 30.599999999999998, 30.7, 30.7]
far list: [69.1, 69.3, 69.5, 68.8, 68.7, 68.8, 69.3, 69.0, 69.19999999999999, 68.7, 69.3, 68.7, 68.60000000000001, 69.1, 69.0, 68.60000000000001, 68.8, 68.8, 68.8, 69.5, 69.1, 69.19999999999999, 69.0, 69.1, 69.0, 68.60000000000001, 69.19999999999999, 69.39999999999999, 69.3, 69.3]
frr list: [3.4888888888888885, 3.4222222222222225, 3.5333333333333337, 3.5555555555555554, 3.4888888888888885, 3.5555555555555554, 3.5555555555555554, 3.4888888888888885, 3.3777777777777773, 3.4444444444444446, 3.4222222222222225, 3.4666666666666663, 3.5333333333333337, 3.4888888888888885, 3.5555555555555554, 3.4000000000000004, 3.4222222222222225, 3.5777777777777775, 3.6888888888888887, 3.5999999999999996, 3.5555555555555554, 3.5777777777777775, 3.6666666666666665, 3.5777777777777775, 3.5333333333333337, 3.4888888888888885, 3.4444444444444446, 3.5555555555555554, 3.5111111111111115, 3.5555555555555554]


classifier: fasttext
method: oos-binary
dataset_size: binary_undersample
30 times random select 6 intents
accuracy: 3.8
recall: 30.9
far: 69.1
frr: 3.5
accuracy list: [3.6666666666666665, 3.733333333333334, 3.8, 3.7777777777777777, 3.822222222222222, 3.8666666666666667, 3.8666666666666667, 3.7555555555555555, 3.822222222222222, 3.822222222222222, 3.7777777777777777, 3.933333333333333, 3.8, 3.822222222222222, 3.844444444444445, 3.9555555555555553, 3.822222222222222, 3.888888888888889, 3.7777777777777777, 3.844444444444445, 3.822222222222222, 3.844444444444445, 3.7555555555555555, 3.9555555555555553, 3.911111111111111, 3.822222222222222, 3.911111111111111, 3.8666666666666667, 3.8, 3.7555555555555555]
recall list: [30.599999999999998, 30.8, 30.8, 31.2, 31.1, 31.5, 31.4, 31.0, 31.0, 30.9, 30.599999999999998, 30.599999999999998, 30.9, 31.1, 30.7, 30.9, 30.7, 30.9, 30.7, 30.599999999999998, 30.599999999999998, 30.599999999999998, 31.3, 31.2, 31.4, 30.5, 30.8, 30.9, 31.0, 31.2]
far list: [69.39999999999999, 69.19999999999999, 69.19999999999999, 68.8, 68.89999999999999, 68.5, 68.60000000000001, 69.0, 69.0, 69.1, 69.39999999999999, 69.39999999999999, 69.1, 68.89999999999999, 69.3, 69.1, 69.3, 69.1, 69.3, 69.39999999999999, 69.39999999999999, 69.39999999999999, 68.7, 68.8, 68.60000000000001, 69.5, 69.19999999999999, 69.1, 69.0, 68.8]
frr list: [3.5111111111111115, 3.4444444444444446, 3.5111111111111115, 3.5777777777777775, 3.5111111111111115, 3.5333333333333337, 3.711111111111111, 3.5111111111111115, 3.4666666666666663, 3.4444444444444446, 3.5111111111111115, 3.4888888888888885, 3.5777777777777775, 3.5111111111111115, 3.5333333333333337, 3.5555555555555554, 3.4888888888888885, 3.4888888888888885, 3.4888888888888885, 3.4666666666666663, 3.4888888888888885, 3.4222222222222225, 3.4666666666666663, 3.4888888888888885, 3.4666666666666663, 3.4000000000000004, 3.5111111111111115, 3.4666666666666663, 3.4444444444444446, 3.5111111111111115]


classifier: fasttext
method: oos-binary
dataset_size: binary_undersample
30 times random select 9 intents
accuracy: 5.6
recall: 30.8
far: 69.2
frr: 3.5
accuracy list: [5.555555555555555, 5.555555555555555, 5.733333333333333, 5.777777777777778, 5.444444444444444, 5.555555555555555, 5.488888888888889, 5.666666666666666, 5.711111111111111, 5.711111111111111, 5.711111111111111, 5.844444444444444, 5.577777777777778, 5.533333333333333, 5.733333333333333, 5.644444444444444, 5.7555555555555555, 5.422222222222222, 5.866666666666666, 5.711111111111111, 5.488888888888889, 5.533333333333333, 5.777777777777778, 5.511111111111111, 5.777777777777778, 5.733333333333333, 5.844444444444444, 5.6000000000000005, 5.688888888888889, 5.4]
recall list: [30.099999999999998, 31.1, 31.1, 30.7, 31.2, 30.4, 30.599999999999998, 31.2, 30.7, 30.9, 30.5, 30.5, 31.1, 31.2, 30.8, 31.0, 30.7, 30.8, 30.9, 30.5, 30.7, 30.9, 30.7, 30.8, 30.9, 30.7, 30.9, 30.7, 30.9, 30.7]
far list: [69.89999999999999, 68.89999999999999, 68.89999999999999, 69.3, 68.8, 69.6, 69.39999999999999, 68.8, 69.3, 69.1, 69.5, 69.5, 68.89999999999999, 68.8, 69.19999999999999, 69.0, 69.3, 69.19999999999999, 69.1, 69.5, 69.3, 69.1, 69.3, 69.19999999999999, 69.1, 69.3, 69.1, 69.3, 69.1, 69.3]
frr list: [3.5333333333333337, 3.5333333333333337, 3.4888888888888885, 3.5999999999999996, 3.4000000000000004, 3.5111111111111115, 3.5111111111111115, 3.4888888888888885, 3.4666666666666663, 3.4666666666666663, 3.4888888888888885, 3.5111111111111115, 3.5111111111111115, 3.4444444444444446, 3.6666666666666665, 3.4222222222222225, 3.4666666666666663, 3.5333333333333337, 3.5555555555555554, 3.4888888888888885, 3.5111111111111115, 3.5333333333333337, 3.4222222222222225, 3.4666666666666663, 3.4444444444444446, 3.5333333333333337, 3.5111111111111115, 3.5555555555555554, 3.4444444444444446, 3.4444444444444446]


