classifier: fasttext
method: oos-threshold
dataset_size: data_full
30 times random select 3 intents
accuracy: 80.8
recall: 80.2
far: 19.8
frr: 18.8
accuracy list: [95.55555555555556, 91.11111111111111, 64.44444444444444, 93.33333333333333, 95.55555555555556, 96.66666666666667, 95.55555555555556, 95.55555555555556, 60.0, 58.88888888888889, 50.0, 91.11111111111111, 86.66666666666667, 98.88888888888889, 84.44444444444444, 64.44444444444444, 60.0, 95.55555555555556, 55.55555555555556, 61.111111111111114, 100.0, 67.77777777777779, 92.22222222222223, 87.77777777777777, 64.44444444444444, 98.88888888888889, 95.55555555555556, 62.22222222222222, 95.55555555555556, 65.55555555555556]
recall list: [92.10000000000001, 89.4, 97.89999999999999, 82.39999999999999, 31.900000000000002, 88.0, 81.5, 92.60000000000001, 99.8, 99.4, 99.5, 82.6, 88.3, 90.4, 87.7, 99.9, 99.3, 61.199999999999996, 99.9, 99.8, 14.000000000000002, 98.6, 37.6, 82.89999999999999, 99.4, 43.4, 37.5, 97.6, 31.7, 99.2]
far list: [7.9, 10.6, 2.1, 17.599999999999998, 68.10000000000001, 12.0, 18.5, 7.3999999999999995, 0.2, 0.6, 0.5, 17.4, 11.700000000000001, 9.6, 12.3, 0.1, 0.7000000000000001, 38.800000000000004, 0.1, 0.2, 86.0, 1.4000000000000001, 62.4, 17.1, 0.6, 56.599999999999994, 62.5, 2.4, 68.30000000000001, 0.8]
frr list: [4.444444444444445, 7.777777777777778, 35.55555555555556, 6.666666666666667, 1.1111111111111112, 3.3333333333333335, 4.444444444444445, 4.444444444444445, 40.0, 41.11111111111111, 50.0, 8.88888888888889, 13.333333333333334, 1.1111111111111112, 15.555555555555555, 35.55555555555556, 40.0, 4.444444444444445, 44.44444444444444, 38.88888888888889, 0.0, 32.22222222222222, 6.666666666666667, 12.222222222222221, 35.55555555555556, 1.1111111111111112, 0.0, 37.77777777777778, 3.3333333333333335, 34.44444444444444]


classifier: fasttext
method: oos-threshold
dataset_size: data_full
30 times random select 6 intents
accuracy: 95.4
recall: 60.8
far: 39.2
frr: 3.9
accuracy list: [97.77777777777777, 99.44444444444444, 97.22222222222221, 100.0, 95.55555555555556, 96.11111111111111, 97.77777777777777, 88.33333333333333, 98.88888888888889, 89.44444444444444, 96.66666666666667, 95.55555555555556, 97.22222222222221, 96.11111111111111, 93.33333333333333, 98.88888888888889, 97.77777777777777, 98.88888888888889, 98.33333333333333, 96.66666666666667, 98.88888888888889, 95.0, 95.0, 96.66666666666667, 95.0, 88.33333333333333, 85.55555555555556, 88.88888888888889, 95.0, 92.77777777777779]
recall list: [47.5, 19.5, 44.3, 40.699999999999996, 43.3, 66.0, 61.7, 91.5, 51.2, 89.1, 64.9, 86.9, 26.3, 61.199999999999996, 75.7, 25.900000000000002, 62.1, 61.0, 74.3, 67.9, 46.0, 91.8, 37.9, 31.1, 48.1, 86.1, 94.69999999999999, 94.89999999999999, 40.9, 92.30000000000001]
far list: [52.5, 80.5, 55.7, 59.3, 56.699999999999996, 34.0, 38.3, 8.5, 48.8, 10.9, 35.099999999999994, 13.100000000000001, 73.7, 38.800000000000004, 24.3, 74.1, 37.9, 39.0, 25.7, 32.1, 54.0, 8.200000000000001, 62.1, 68.89999999999999, 51.9, 13.900000000000002, 5.3, 5.1, 59.099999999999994, 7.7]
frr list: [1.6666666666666667, 0.0, 0.0, 0.0, 1.6666666666666667, 3.3333333333333335, 2.2222222222222223, 11.666666666666666, 0.0, 10.0, 2.2222222222222223, 4.444444444444445, 0.5555555555555556, 2.7777777777777777, 6.666666666666667, 1.1111111111111112, 2.2222222222222223, 0.5555555555555556, 1.1111111111111112, 3.3333333333333335, 1.1111111111111112, 4.444444444444445, 3.3333333333333335, 1.6666666666666667, 2.7777777777777777, 11.666666666666666, 14.444444444444443, 11.11111111111111, 2.7777777777777777, 6.666666666666667]


classifier: fasttext
method: oos-threshold
dataset_size: data_full
30 times random select 9 intents
accuracy: 95.0
recall: 54.4
far: 45.6
frr: 3.6
accuracy list: [92.96296296296296, 93.33333333333333, 95.18518518518519, 98.14814814814815, 94.81481481481482, 95.92592592592592, 93.7037037037037, 98.14814814814815, 97.03703703703704, 97.77777777777777, 91.11111111111111, 87.4074074074074, 97.4074074074074, 95.18518518518519, 94.07407407407408, 96.66666666666667, 96.29629629629629, 96.29629629629629, 84.44444444444444, 97.4074074074074, 94.07407407407408, 98.14814814814815, 93.7037037037037, 98.14814814814815, 95.55555555555556, 97.77777777777777, 92.96296296296296, 97.77777777777777, 90.37037037037037, 98.51851851851852]
recall list: [74.8, 84.39999999999999, 31.1, 38.6, 79.5, 67.60000000000001, 79.80000000000001, 57.3, 36.1, 12.5, 55.800000000000004, 90.8, 41.0, 87.4, 45.0, 60.0, 54.0, 82.19999999999999, 94.6, 29.099999999999998, 89.2, 9.0, 86.7, 3.0, 26.200000000000003, 57.099999999999994, 56.2, 3.6999999999999997, 74.8, 25.4]
far list: [25.2, 15.6, 68.89999999999999, 61.4, 20.5, 32.4, 20.200000000000003, 42.699999999999996, 63.9, 87.5, 44.2, 9.2, 59.0, 12.6, 55.00000000000001, 40.0, 46.0, 17.8, 5.4, 70.89999999999999, 10.8, 91.0, 13.3, 97.0, 73.8, 42.9, 43.8, 96.3, 25.2, 74.6]
frr list: [3.7037037037037033, 6.666666666666667, 1.4814814814814816, 0.7407407407407408, 4.444444444444445, 3.7037037037037033, 6.296296296296296, 1.4814814814814816, 1.1111111111111112, 0.3703703703703704, 5.555555555555555, 12.592592592592592, 1.1111111111111112, 4.814814814814815, 2.9629629629629632, 2.5925925925925926, 2.5925925925925926, 2.9629629629629632, 15.555555555555555, 0.3703703703703704, 5.9259259259259265, 0.0, 6.296296296296296, 0.0, 0.3703703703703704, 1.8518518518518516, 5.185185185185185, 0.0, 6.666666666666667, 0.3703703703703704]


classifier: fasttext
method: oos-threshold
dataset_size: data_full
30 times random select 12 intents
accuracy: 95.8
recall: 53.9
far: 46.1
frr: 2.8
accuracy list: [96.38888888888889, 93.88888888888889, 97.22222222222221, 89.44444444444444, 95.55555555555556, 93.33333333333333, 93.05555555555556, 97.5, 96.11111111111111, 97.22222222222221, 96.94444444444444, 97.22222222222221, 95.83333333333334, 94.16666666666667, 96.38888888888889, 97.5, 98.05555555555556, 97.22222222222221, 93.88888888888889, 96.38888888888889, 95.27777777777777, 98.88888888888889, 92.77777777777779, 93.61111111111111, 97.22222222222221, 98.05555555555556, 96.11111111111111, 95.0, 96.38888888888889, 96.66666666666667]
recall list: [62.6, 41.8, 73.8, 77.3, 62.3, 52.5, 55.1, 26.1, 64.8, 71.3, 33.1, 47.099999999999994, 69.69999999999999, 86.8, 60.4, 77.2, 52.6, 6.7, 62.0, 14.7, 55.2, 37.6, 85.2, 57.9, 70.8, 7.3, 40.5, 75.6, 32.4, 56.49999999999999]
far list: [37.4, 58.199999999999996, 26.200000000000003, 22.7, 37.7, 47.5, 44.9, 73.9, 35.199999999999996, 28.7, 66.9, 52.900000000000006, 30.3, 13.200000000000001, 39.6, 22.8, 47.4, 93.30000000000001, 38.0, 85.3, 44.800000000000004, 62.4, 14.799999999999999, 42.1, 29.2, 92.7, 59.5, 24.4, 67.60000000000001, 43.5]
frr list: [3.3333333333333335, 1.9444444444444444, 2.5, 9.166666666666666, 3.6111111111111107, 3.888888888888889, 4.722222222222222, 0.5555555555555556, 3.0555555555555554, 2.7777777777777777, 0.0, 1.6666666666666667, 3.3333333333333335, 5.555555555555555, 2.5, 2.2222222222222223, 1.1111111111111112, 0.0, 4.722222222222222, 0.0, 2.7777777777777777, 0.5555555555555556, 6.111111111111111, 4.722222222222222, 2.5, 0.0, 2.7777777777777777, 4.444444444444445, 2.2222222222222223, 1.6666666666666667]


classifier: fasttext
method: oos-threshold
dataset_size: data_small
30 times random select 3 intents
accuracy: 87.8
recall: 80.6
far: 19.4
frr: 12.1
accuracy list: [100.0, 91.11111111111111, 97.77777777777777, 84.44444444444444, 92.22222222222223, 94.44444444444444, 48.888888888888886, 74.44444444444444, 96.66666666666667, 100.0, 98.88888888888889, 88.88888888888889, 97.77777777777777, 96.66666666666667, 98.88888888888889, 83.33333333333334, 97.77777777777777, 65.55555555555556, 88.88888888888889, 97.77777777777777, 97.77777777777777, 51.11111111111111, 95.55555555555556, 58.88888888888889, 60.0, 100.0, 90.0, 96.66666666666667, 96.66666666666667, 92.22222222222223]
recall list: [84.5, 84.2, 45.6, 81.6, 86.2, 57.9, 97.89999999999999, 98.5, 92.30000000000001, 88.8, 45.5, 92.4, 84.89999999999999, 86.5, 65.9, 87.4, 85.39999999999999, 99.6, 90.8, 35.4, 80.2, 98.9, 93.5, 99.3, 99.8, 42.9, 90.10000000000001, 89.8, 53.1, 77.8]
far list: [15.5, 15.8, 54.400000000000006, 18.4, 13.8, 42.1, 2.1, 1.5, 7.7, 11.200000000000001, 54.50000000000001, 7.6, 15.1, 13.5, 34.1, 12.6, 14.6, 0.4, 9.2, 64.60000000000001, 19.8, 1.0999999999999999, 6.5, 0.7000000000000001, 0.2, 57.099999999999994, 9.9, 10.2, 46.9, 22.2]
frr list: [0.0, 8.88888888888889, 2.2222222222222223, 15.555555555555555, 7.777777777777778, 5.555555555555555, 51.11111111111111, 25.555555555555554, 3.3333333333333335, 0.0, 1.1111111111111112, 10.0, 2.2222222222222223, 3.3333333333333335, 1.1111111111111112, 16.666666666666664, 2.2222222222222223, 34.44444444444444, 11.11111111111111, 2.2222222222222223, 2.2222222222222223, 48.888888888888886, 4.444444444444445, 41.11111111111111, 40.0, 0.0, 10.0, 3.3333333333333335, 2.2222222222222223, 7.777777777777778]


classifier: fasttext
method: oos-threshold
dataset_size: data_small
30 times random select 6 intents
accuracy: 93.8
recall: 65.5
far: 34.5
frr: 5.4
accuracy list: [96.66666666666667, 87.77777777777777, 90.55555555555556, 91.11111111111111, 92.77777777777779, 93.88888888888889, 93.88888888888889, 93.33333333333333, 98.88888888888889, 92.22222222222223, 88.33333333333333, 93.88888888888889, 87.22222222222223, 97.22222222222221, 91.66666666666666, 97.77777777777777, 97.77777777777777, 93.33333333333333, 99.44444444444444, 78.33333333333333, 95.55555555555556, 96.66666666666667, 91.66666666666666, 90.55555555555556, 97.77777777777777, 98.88888888888889, 98.33333333333333, 93.88888888888889, 96.11111111111111, 97.77777777777777]
recall list: [0.1, 84.3, 94.69999999999999, 93.2, 93.0, 52.900000000000006, 95.8, 95.0, 42.6, 91.4, 75.1, 94.89999999999999, 91.0, 19.3, 79.4, 79.4, 37.5, 33.0, 49.7, 88.2, 51.1, 71.8, 78.0, 92.7, 0.8, 66.2, 19.6, 80.4, 38.2, 75.0]
far list: [99.9, 15.7, 5.3, 6.800000000000001, 7.000000000000001, 47.099999999999994, 4.2, 5.0, 57.4, 8.6, 24.9, 5.1, 9.0, 80.7, 20.599999999999998, 20.599999999999998, 62.5, 67.0, 50.3, 11.799999999999999, 48.9, 28.199999999999996, 22.0, 7.3, 99.2, 33.800000000000004, 80.4, 19.6, 61.8, 25.0]
frr list: [0.0, 11.666666666666666, 9.444444444444445, 8.88888888888889, 7.222222222222221, 3.888888888888889, 5.555555555555555, 6.666666666666667, 0.5555555555555556, 7.777777777777778, 9.444444444444445, 6.111111111111111, 12.777777777777777, 1.1111111111111112, 7.222222222222221, 2.2222222222222223, 0.5555555555555556, 4.444444444444445, 0.5555555555555556, 20.555555555555554, 2.7777777777777777, 3.3333333333333335, 8.333333333333332, 8.88888888888889, 0.0, 1.1111111111111112, 0.5555555555555556, 5.0, 2.2222222222222223, 1.6666666666666667]


classifier: fasttext
method: oos-threshold
dataset_size: data_small
30 times random select 9 intents
accuracy: 95.8
recall: 49.9
far: 50.1
frr: 2.9
accuracy list: [98.14814814814815, 91.11111111111111, 95.18518518518519, 95.92592592592592, 97.4074074074074, 97.03703703703704, 97.4074074074074, 95.55555555555556, 98.88888888888889, 95.55555555555556, 91.85185185185185, 97.77777777777777, 98.88888888888889, 93.7037037037037, 97.03703703703704, 97.03703703703704, 97.4074074074074, 97.77777777777777, 95.55555555555556, 93.7037037037037, 97.77777777777777, 97.77777777777777, 96.66666666666667, 95.18518518518519, 95.92592592592592, 94.44444444444444, 98.14814814814815, 94.81481481481482, 87.4074074074074, 93.33333333333333]
recall list: [22.1, 51.2, 85.2, 30.099999999999998, 45.0, 42.9, 54.400000000000006, 72.0, 39.4, 54.300000000000004, 88.2, 12.9, 32.7, 67.0, 22.6, 59.099999999999994, 75.8, 5.5, 52.300000000000004, 72.5, 6.9, 46.0, 70.0, 63.6, 46.5, 32.5, 40.6, 45.9, 89.1, 69.6]
far list: [77.9, 48.8, 14.799999999999999, 69.89999999999999, 55.00000000000001, 57.099999999999994, 45.6, 28.000000000000004, 60.6, 45.7, 11.799999999999999, 87.1, 67.30000000000001, 33.0, 77.4, 40.9, 24.2, 94.5, 47.699999999999996, 27.500000000000004, 93.10000000000001, 54.0, 30.0, 36.4, 53.5, 67.5, 59.4, 54.1, 10.9, 30.4]
frr list: [0.7407407407407408, 4.444444444444445, 3.3333333333333335, 1.8518518518518516, 1.1111111111111112, 1.4814814814814816, 2.2222222222222223, 2.9629629629629632, 0.7407407407407408, 4.074074074074074, 7.777777777777778, 0.0, 0.3703703703703704, 4.814814814814815, 0.7407407407407408, 2.9629629629629632, 1.8518518518518516, 0.7407407407407408, 2.2222222222222223, 5.9259259259259265, 0.3703703703703704, 2.2222222222222223, 2.5925925925925926, 2.9629629629629632, 3.7037037037037033, 0.7407407407407408, 1.1111111111111112, 3.7037037037037033, 11.481481481481481, 6.296296296296296]


classifier: fasttext
method: oos-threshold
dataset_size: data_small
30 times random select 12 intents
accuracy: 95.1
recall: 41.0
far: 59.0
frr: 2.4
accuracy list: [93.33333333333333, 95.0, 97.5, 97.5, 87.5, 95.0, 96.66666666666667, 97.77777777777777, 96.94444444444444, 91.66666666666666, 96.11111111111111, 93.05555555555556, 94.16666666666667, 96.11111111111111, 97.5, 97.5, 97.22222222222221, 96.11111111111111, 95.55555555555556, 94.72222222222221, 95.83333333333334, 96.66666666666667, 93.33333333333333, 95.83333333333334, 94.44444444444444, 95.83333333333334, 90.0, 94.44444444444444, 97.5, 92.5]
recall list: [29.7, 50.7, 34.4, 37.4, 58.599999999999994, 52.7, 32.1, 28.1, 9.5, 59.4, 35.0, 37.3, 8.3, 56.3, 2.0, 50.5, 26.900000000000002, 78.0, 33.1, 30.5, 76.6, 31.4, 50.9, 51.9, 7.5, 30.9, 66.9, 78.2, 20.200000000000003, 63.6]
far list: [70.3, 49.3, 65.60000000000001, 62.6, 41.4, 47.3, 67.9, 71.89999999999999, 90.5, 40.6, 65.0, 62.7, 91.7, 43.7, 98.0, 49.5, 73.1, 22.0, 66.9, 69.5, 23.400000000000002, 68.60000000000001, 49.1, 48.1, 92.5, 69.1, 33.1, 21.8, 79.80000000000001, 36.4]
frr list: [0.8333333333333334, 4.166666666666666, 0.5555555555555556, 0.8333333333333334, 7.5, 2.2222222222222223, 0.5555555555555556, 0.2777777777777778, 0.2777777777777778, 5.277777777777778, 1.6666666666666667, 3.6111111111111107, 0.2777777777777778, 2.2222222222222223, 0.0, 1.3888888888888888, 0.8333333333333334, 3.888888888888889, 1.3888888888888888, 1.6666666666666667, 3.6111111111111107, 1.1111111111111112, 3.0555555555555554, 3.6111111111111107, 0.5555555555555556, 0.8333333333333334, 8.333333333333332, 5.0, 1.1111111111111112, 6.666666666666667]


classifier: fasttext
method: oos-threshold
dataset_size: data_imbalanced
30 times random select 3 intents
accuracy: 91.2
recall: 61.0
far: 39.0
frr: 8.0
accuracy list: [85.55555555555556, 96.66666666666667, 42.22222222222222, 95.55555555555556, 96.66666666666667, 86.66666666666667, 100.0, 98.88888888888889, 97.77777777777777, 97.77777777777777, 98.88888888888889, 96.66666666666667, 100.0, 96.66666666666667, 97.77777777777777, 94.44444444444444, 97.77777777777777, 55.55555555555556, 92.22222222222223, 48.888888888888886, 98.88888888888889, 96.66666666666667, 91.11111111111111, 100.0, 93.33333333333333, 98.88888888888889, 92.22222222222223, 97.77777777777777, 94.44444444444444, 96.66666666666667]
recall list: [76.8, 65.0, 98.9, 81.8, 95.39999999999999, 86.5, 6.4, 49.0, 87.4, 85.1, 13.200000000000001, 89.2, 61.199999999999996, 75.4, 4.9, 86.4, 28.199999999999996, 99.6, 31.900000000000002, 99.7, 89.4, 16.8, 79.2, 46.5, 16.3, 35.4, 37.7, 21.4, 77.60000000000001, 88.2]
far list: [23.200000000000003, 35.0, 1.0999999999999999, 18.2, 4.6, 13.5, 93.60000000000001, 51.0, 12.6, 14.899999999999999, 86.8, 10.8, 38.800000000000004, 24.6, 95.1, 13.600000000000001, 71.8, 0.4, 68.10000000000001, 0.3, 10.6, 83.2, 20.8, 53.5, 83.7, 64.60000000000001, 62.3, 78.60000000000001, 22.400000000000002, 11.799999999999999]
frr list: [14.444444444444443, 3.3333333333333335, 57.77777777777777, 4.444444444444445, 3.3333333333333335, 13.333333333333334, 0.0, 1.1111111111111112, 2.2222222222222223, 2.2222222222222223, 0.0, 1.1111111111111112, 0.0, 3.3333333333333335, 0.0, 4.444444444444445, 1.1111111111111112, 44.44444444444444, 4.444444444444445, 51.11111111111111, 1.1111111111111112, 2.2222222222222223, 8.88888888888889, 0.0, 2.2222222222222223, 0.0, 5.555555555555555, 0.0, 5.555555555555555, 3.3333333333333335]


classifier: fasttext
method: oos-threshold
dataset_size: data_imbalanced
30 times random select 6 intents
accuracy: 94.4
recall: 57.4
far: 42.6
frr: 4.6
accuracy list: [98.33333333333333, 95.55555555555556, 91.11111111111111, 97.22222222222221, 98.88888888888889, 87.22222222222223, 96.66666666666667, 94.44444444444444, 93.88888888888889, 93.88888888888889, 96.66666666666667, 97.77777777777777, 89.44444444444444, 98.33333333333333, 95.0, 92.22222222222223, 91.66666666666666, 94.44444444444444, 100.0, 92.22222222222223, 93.33333333333333, 82.22222222222221, 86.11111111111111, 100.0, 95.0, 97.77777777777777, 95.55555555555556, 96.66666666666667, 96.66666666666667, 95.0]
recall list: [46.400000000000006, 23.200000000000003, 95.5, 31.7, 37.6, 94.19999999999999, 65.9, 87.7, 39.6, 30.099999999999998, 40.699999999999996, 27.6, 93.10000000000001, 49.1, 26.400000000000002, 45.6, 90.7, 37.8, 48.5, 88.4, 39.0, 87.0, 89.8, 34.699999999999996, 83.1, 23.599999999999998, 48.199999999999996, 95.6, 50.8, 69.8]
far list: [53.6, 76.8, 4.5, 68.30000000000001, 62.4, 5.800000000000001, 34.1, 12.3, 60.4, 69.89999999999999, 59.3, 72.39999999999999, 6.9, 50.9, 73.6, 54.400000000000006, 9.3, 62.2, 51.5, 11.600000000000001, 61.0, 13.0, 10.2, 65.3, 16.900000000000002, 76.4, 51.800000000000004, 4.3999999999999995, 49.2, 30.2]
frr list: [1.6666666666666667, 0.0, 8.88888888888889, 2.7777777777777777, 1.1111111111111112, 12.777777777777777, 1.6666666666666667, 5.555555555555555, 2.2222222222222223, 3.3333333333333335, 2.7777777777777777, 1.1111111111111112, 10.555555555555555, 0.5555555555555556, 0.5555555555555556, 6.666666666666667, 8.333333333333332, 2.2222222222222223, 0.0, 7.777777777777778, 5.0, 17.22222222222222, 13.88888888888889, 0.0, 4.444444444444445, 1.6666666666666667, 3.888888888888889, 3.3333333333333335, 3.3333333333333335, 5.0]


classifier: fasttext
method: oos-threshold
dataset_size: data_imbalanced
30 times random select 9 intents
accuracy: 96.0
recall: 45.3
far: 54.7
frr: 2.4
accuracy list: [96.66666666666667, 97.4074074074074, 97.77777777777777, 95.18518518518519, 97.77777777777777, 94.81481481481482, 93.7037037037037, 96.66666666666667, 95.92592592592592, 95.92592592592592, 94.44444444444444, 96.29629629629629, 97.4074074074074, 98.51851851851852, 96.29629629629629, 97.4074074074074, 96.66666666666667, 98.51851851851852, 95.18518518518519, 92.96296296296296, 97.4074074074074, 97.03703703703704, 96.66666666666667, 93.33333333333333, 95.18518518518519, 95.18518518518519, 96.66666666666667, 93.33333333333333, 96.29629629629629, 94.81481481481482]
recall list: [36.6, 46.6, 20.599999999999998, 16.8, 42.699999999999996, 14.2, 59.0, 63.9, 7.7, 76.1, 29.099999999999998, 73.4, 40.1, 10.0, 45.9, 62.7, 65.8, 36.4, 83.0, 79.3, 25.5, 15.6, 47.4, 55.00000000000001, 61.1, 48.5, 27.400000000000002, 88.3, 53.2, 27.1]
far list: [63.4, 53.400000000000006, 79.4, 83.2, 57.3, 85.8, 41.0, 36.1, 92.30000000000001, 23.9, 70.89999999999999, 26.6, 59.9, 90.0, 54.1, 37.3, 34.2, 63.6, 17.0, 20.7, 74.5, 84.39999999999999, 52.6, 45.0, 38.9, 51.5, 72.6, 11.700000000000001, 46.800000000000004, 72.89999999999999]
frr list: [1.1111111111111112, 1.8518518518518516, 0.7407407407407408, 0.3703703703703704, 1.1111111111111112, 1.1111111111111112, 5.555555555555555, 3.3333333333333335, 0.7407407407407408, 4.074074074074074, 1.8518518518518516, 2.5925925925925926, 1.8518518518518516, 0.0, 2.5925925925925926, 1.8518518518518516, 2.5925925925925926, 0.7407407407407408, 3.7037037037037033, 7.037037037037037, 1.4814814814814816, 0.3703703703703704, 2.5925925925925926, 4.814814814814815, 3.3333333333333335, 3.3333333333333335, 0.7407407407407408, 6.296296296296296, 2.2222222222222223, 0.7407407407407408]


classifier: fasttext
method: oos-threshold
dataset_size: data_imbalanced
30 times random select 12 intents
accuracy: 95.3
recall: 37.4
far: 62.6
frr: 2.1
accuracy list: [96.94444444444444, 95.0, 93.88888888888889, 97.77777777777777, 90.55555555555556, 95.83333333333334, 98.05555555555556, 92.77777777777779, 96.38888888888889, 95.83333333333334, 97.22222222222221, 95.27777777777777, 95.27777777777777, 93.88888888888889, 94.72222222222221, 97.5, 95.55555555555556, 92.22222222222223, 93.88888888888889, 96.66666666666667, 96.38888888888889, 95.83333333333334, 93.88888888888889, 95.83333333333334, 94.16666666666667, 91.66666666666666, 96.11111111111111, 96.94444444444444, 97.77777777777777, 93.88888888888889]
recall list: [13.200000000000001, 44.1, 68.89999999999999, 29.4, 61.4, 53.7, 4.5, 80.4, 30.9, 65.60000000000001, 29.2, 37.8, 3.8, 45.4, 52.300000000000004, 23.0, 22.2, 78.3, 12.3, 11.5, 45.5, 41.699999999999996, 44.3, 14.099999999999998, 54.0, 63.2, 16.1, 2.8000000000000003, 10.9, 60.8]
far list: [86.8, 55.900000000000006, 31.1, 70.6, 38.6, 46.300000000000004, 95.5, 19.6, 69.1, 34.4, 70.8, 62.2, 96.2, 54.6, 47.699999999999996, 77.0, 77.8, 21.7, 87.7, 88.5, 54.50000000000001, 58.3, 55.7, 85.9, 46.0, 36.8, 83.89999999999999, 97.2, 89.1, 39.2]
frr list: [0.2777777777777778, 1.9444444444444444, 5.277777777777778, 0.5555555555555556, 4.166666666666666, 2.2222222222222223, 0.0, 6.944444444444445, 1.3888888888888888, 3.3333333333333335, 0.0, 1.3888888888888888, 0.0, 2.7777777777777777, 3.0555555555555554, 0.8333333333333334, 0.8333333333333334, 6.388888888888888, 0.0, 0.2777777777777778, 1.6666666666666667, 2.2222222222222223, 3.3333333333333335, 1.1111111111111112, 3.3333333333333335, 5.555555555555555, 0.0, 0.0, 0.0, 4.166666666666666]


