classifier: fasttext
method: oos-train
dataset_size: data_full
30 times random select 3 intents
accuracy: 97.7
recall: 87.2
far: 12.8
frr: 1.9
accuracy list: [94.44444444444444, 97.77777777777777, 98.88888888888889, 98.88888888888889, 100.0, 96.66666666666667, 93.33333333333333, 100.0, 97.77777777777777, 97.77777777777777, 100.0, 95.55555555555556, 100.0, 98.88888888888889, 95.55555555555556, 96.66666666666667, 100.0, 93.33333333333333, 97.77777777777777, 100.0, 97.77777777777777, 95.55555555555556, 97.77777777777777, 97.77777777777777, 100.0, 96.66666666666667, 98.88888888888889, 96.66666666666667, 97.77777777777777, 100.0]
recall list: [88.6, 84.39999999999999, 94.6, 85.1, 85.2, 95.8, 91.9, 93.89999999999999, 92.7, 89.0, 95.5, 81.39999999999999, 86.3, 84.39999999999999, 84.39999999999999, 89.7, 90.10000000000001, 72.1, 78.9, 86.7, 81.69999999999999, 85.3, 87.7, 83.0, 88.3, 91.4, 84.39999999999999, 88.6, 88.6, 87.0]
far list: [11.4, 15.6, 5.4, 14.899999999999999, 14.799999999999999, 4.2, 8.1, 6.1, 7.3, 11.0, 4.5, 18.6, 13.700000000000001, 15.6, 15.6, 10.299999999999999, 9.9, 27.900000000000002, 21.099999999999998, 13.3, 18.3, 14.7, 12.3, 17.0, 11.700000000000001, 8.6, 15.6, 11.4, 11.4, 13.0]
frr list: [5.555555555555555, 1.1111111111111112, 1.1111111111111112, 0.0, 0.0, 3.3333333333333335, 6.666666666666667, 0.0, 1.1111111111111112, 1.1111111111111112, 0.0, 4.444444444444445, 0.0, 1.1111111111111112, 4.444444444444445, 3.3333333333333335, 0.0, 2.2222222222222223, 1.1111111111111112, 0.0, 2.2222222222222223, 3.3333333333333335, 2.2222222222222223, 2.2222222222222223, 0.0, 3.3333333333333335, 1.1111111111111112, 2.2222222222222223, 2.2222222222222223, 0.0]


classifier: fasttext
method: oos-train
dataset_size: data_full
30 times random select 6 intents
accuracy: 96.8
recall: 79.4
far: 20.6
frr: 2.2
accuracy list: [97.77777777777777, 97.77777777777777, 96.11111111111111, 96.11111111111111, 95.0, 97.22222222222221, 97.77777777777777, 98.88888888888889, 95.55555555555556, 95.0, 96.66666666666667, 95.55555555555556, 93.33333333333333, 95.55555555555556, 96.66666666666667, 98.33333333333333, 97.77777777777777, 97.77777777777777, 97.22222222222221, 94.44444444444444, 97.77777777777777, 96.11111111111111, 98.88888888888889, 95.55555555555556, 96.66666666666667, 96.66666666666667, 99.44444444444444, 96.66666666666667, 98.33333333333333, 97.77777777777777]
recall list: [84.39999999999999, 88.1, 81.6, 71.1, 85.9, 76.4, 81.5, 88.0, 79.10000000000001, 81.39999999999999, 77.9, 70.6, 72.5, 76.5, 68.89999999999999, 77.0, 85.9, 79.0, 72.7, 79.4, 73.4, 80.9, 82.3, 80.2, 76.7, 78.0, 84.8, 78.7, 81.2, 86.9]
far list: [15.6, 11.899999999999999, 18.4, 28.9, 14.099999999999998, 23.599999999999998, 18.5, 12.0, 20.9, 18.6, 22.1, 29.4, 27.500000000000004, 23.5, 31.1, 23.0, 14.099999999999998, 21.0, 27.3, 20.599999999999998, 26.6, 19.1, 17.7, 19.8, 23.3, 22.0, 15.2, 21.3, 18.8, 13.100000000000001]
frr list: [1.6666666666666667, 2.2222222222222223, 0.5555555555555556, 2.7777777777777777, 5.0, 2.7777777777777777, 0.5555555555555556, 0.5555555555555556, 2.2222222222222223, 3.888888888888889, 3.3333333333333335, 2.2222222222222223, 5.555555555555555, 4.444444444444445, 3.3333333333333335, 0.0, 1.6666666666666667, 2.2222222222222223, 1.1111111111111112, 1.1111111111111112, 1.1111111111111112, 2.7777777777777777, 1.1111111111111112, 3.888888888888889, 3.3333333333333335, 2.2222222222222223, 0.5555555555555556, 2.2222222222222223, 0.5555555555555556, 2.2222222222222223]


classifier: fasttext
method: oos-train
dataset_size: data_full
30 times random select 9 intents
accuracy: 96.6
recall: 74.0
far: 26.0
frr: 1.6
accuracy list: [96.66666666666667, 95.18518518518519, 95.55555555555556, 97.77777777777777, 95.55555555555556, 96.66666666666667, 98.14814814814815, 97.4074074074074, 95.18518518518519, 96.66666666666667, 97.77777777777777, 94.07407407407408, 95.18518518518519, 97.77777777777777, 96.29629629629629, 97.4074074074074, 96.66666666666667, 96.29629629629629, 95.55555555555556, 98.14814814814815, 97.4074074074074, 98.88888888888889, 97.4074074074074, 94.81481481481482, 96.66666666666667, 98.88888888888889, 97.77777777777777, 95.55555555555556, 94.81481481481482, 96.29629629629629]
recall list: [77.9, 71.89999999999999, 76.0, 70.0, 66.4, 70.89999999999999, 78.3, 65.0, 78.9, 74.1, 72.2, 73.2, 66.4, 73.2, 73.5, 75.5, 73.1, 77.3, 57.199999999999996, 76.2, 79.7, 80.30000000000001, 66.9, 79.80000000000001, 75.5, 78.3, 73.9, 80.7, 83.39999999999999, 73.7]
far list: [22.1, 28.1, 24.0, 30.0, 33.6, 29.099999999999998, 21.7, 35.0, 21.099999999999998, 25.900000000000002, 27.800000000000004, 26.8, 33.6, 26.8, 26.5, 24.5, 26.900000000000002, 22.7, 42.8, 23.799999999999997, 20.3, 19.7, 33.1, 20.200000000000003, 24.5, 21.7, 26.1, 19.3, 16.6, 26.3]
frr list: [1.4814814814814816, 2.5925925925925926, 3.3333333333333335, 0.0, 1.4814814814814816, 1.1111111111111112, 0.7407407407407408, 1.8518518518518516, 4.074074074074074, 1.8518518518518516, 0.7407407407407408, 2.2222222222222223, 1.8518518518518516, 1.8518518518518516, 1.4814814814814816, 1.4814814814814816, 2.2222222222222223, 1.1111111111111112, 1.4814814814814816, 1.1111111111111112, 1.4814814814814816, 0.7407407407407408, 1.8518518518518516, 1.1111111111111112, 2.2222222222222223, 0.7407407407407408, 1.8518518518518516, 2.5925925925925926, 1.4814814814814816, 0.3703703703703704]


classifier: fasttext
method: oos-train
dataset_size: data_full
30 times random select 12 intents
accuracy: 96.5
recall: 66.9
far: 33.1
frr: 1.5
accuracy list: [97.77777777777777, 96.94444444444444, 96.11111111111111, 95.83333333333334, 97.5, 97.5, 98.33333333333333, 95.83333333333334, 97.5, 96.94444444444444, 96.11111111111111, 94.44444444444444, 96.66666666666667, 95.0, 97.22222222222221, 96.38888888888889, 95.83333333333334, 93.88888888888889, 98.88888888888889, 96.94444444444444, 98.61111111111111, 96.94444444444444, 98.88888888888889, 95.83333333333334, 97.22222222222221, 91.94444444444444, 98.61111111111111, 94.72222222222221, 96.94444444444444, 94.72222222222221]
recall list: [64.5, 63.800000000000004, 66.4, 71.0, 70.0, 59.9, 72.39999999999999, 66.3, 76.3, 73.9, 64.8, 57.3, 63.6, 65.60000000000001, 70.39999999999999, 66.2, 63.5, 64.8, 70.89999999999999, 59.5, 66.9, 67.60000000000001, 70.39999999999999, 68.2, 71.39999999999999, 70.39999999999999, 69.1, 66.3, 62.2, 62.2]
far list: [35.5, 36.199999999999996, 33.6, 28.999999999999996, 30.0, 40.1, 27.6, 33.7, 23.7, 26.1, 35.199999999999996, 42.699999999999996, 36.4, 34.4, 29.599999999999998, 33.800000000000004, 36.5, 35.199999999999996, 29.099999999999998, 40.5, 33.1, 32.4, 29.599999999999998, 31.8, 28.599999999999998, 29.599999999999998, 30.9, 33.7, 37.8, 37.8]
frr list: [0.5555555555555556, 1.9444444444444444, 1.6666666666666667, 0.5555555555555556, 1.1111111111111112, 1.1111111111111112, 0.5555555555555556, 2.2222222222222223, 1.6666666666666667, 2.2222222222222223, 1.1111111111111112, 0.5555555555555556, 2.2222222222222223, 1.1111111111111112, 1.3888888888888888, 1.9444444444444444, 0.2777777777777778, 3.3333333333333335, 1.1111111111111112, 1.1111111111111112, 1.1111111111111112, 1.9444444444444444, 0.0, 1.9444444444444444, 1.6666666666666667, 3.888888888888889, 0.0, 2.7777777777777777, 0.5555555555555556, 2.2222222222222223]


classifier: fasttext
method: oos-train
dataset_size: data_small
30 times random select 3 intents
accuracy: 95.2
recall: 92.7
far: 7.3
frr: 4.3
accuracy list: [95.55555555555556, 93.33333333333333, 95.55555555555556, 91.11111111111111, 98.88888888888889, 93.33333333333333, 86.66666666666667, 97.77777777777777, 98.88888888888889, 95.55555555555556, 100.0, 98.88888888888889, 97.77777777777777, 100.0, 92.22222222222223, 97.77777777777777, 100.0, 90.0, 92.22222222222223, 94.44444444444444, 92.22222222222223, 92.22222222222223, 95.55555555555556, 97.77777777777777, 97.77777777777777, 95.55555555555556, 86.66666666666667, 95.55555555555556, 93.33333333333333, 100.0]
recall list: [91.4, 93.7, 94.5, 92.80000000000001, 93.2, 91.2, 95.8, 95.39999999999999, 94.89999999999999, 91.8, 93.89999999999999, 94.5, 87.7, 90.7, 85.1, 93.0, 88.6, 92.60000000000001, 94.69999999999999, 90.4, 95.3, 94.6, 93.5, 95.8, 92.7, 88.4, 95.8, 90.8, 95.0, 93.0]
far list: [8.6, 6.3, 5.5, 7.199999999999999, 6.800000000000001, 8.799999999999999, 4.2, 4.6, 5.1, 8.200000000000001, 6.1, 5.5, 12.3, 9.3, 14.899999999999999, 7.000000000000001, 11.4, 7.3999999999999995, 5.3, 9.6, 4.7, 5.4, 6.5, 4.2, 7.3, 11.600000000000001, 4.2, 9.2, 5.0, 7.000000000000001]
frr list: [4.444444444444445, 6.666666666666667, 4.444444444444445, 7.777777777777778, 1.1111111111111112, 4.444444444444445, 13.333333333333334, 2.2222222222222223, 1.1111111111111112, 2.2222222222222223, 0.0, 0.0, 2.2222222222222223, 0.0, 6.666666666666667, 1.1111111111111112, 0.0, 8.88888888888889, 6.666666666666667, 4.444444444444445, 7.777777777777778, 6.666666666666667, 4.444444444444445, 2.2222222222222223, 2.2222222222222223, 4.444444444444445, 13.333333333333334, 4.444444444444445, 5.555555555555555, 0.0]


classifier: fasttext
method: oos-train
dataset_size: data_small
30 times random select 6 intents
accuracy: 95.8
recall: 83.6
far: 16.4
frr: 3.0
accuracy list: [92.77777777777779, 96.66666666666667, 96.66666666666667, 95.55555555555556, 97.22222222222221, 95.0, 96.11111111111111, 96.11111111111111, 97.77777777777777, 94.44444444444444, 99.44444444444444, 94.44444444444444, 96.66666666666667, 93.33333333333333, 97.22222222222221, 91.66666666666666, 95.0, 95.0, 97.22222222222221, 96.66666666666667, 96.11111111111111, 100.0, 97.77777777777777, 93.88888888888889, 97.22222222222221, 93.88888888888889, 96.11111111111111, 95.0, 95.55555555555556, 94.44444444444444]
recall list: [80.5, 79.60000000000001, 87.4, 80.80000000000001, 86.1, 82.69999999999999, 81.89999999999999, 81.5, 87.8, 81.10000000000001, 83.6, 74.8, 81.6, 77.60000000000001, 86.4, 86.2, 83.7, 78.4, 84.7, 78.60000000000001, 87.2, 85.39999999999999, 86.8, 92.10000000000001, 84.1, 82.89999999999999, 81.2, 92.30000000000001, 84.39999999999999, 85.9]
far list: [19.5, 20.4, 12.6, 19.2, 13.900000000000002, 17.299999999999997, 18.099999999999998, 18.5, 12.2, 18.9, 16.400000000000002, 25.2, 18.4, 22.400000000000002, 13.600000000000001, 13.8, 16.3, 21.6, 15.299999999999999, 21.4, 12.8, 14.6, 13.200000000000001, 7.9, 15.9, 17.1, 18.8, 7.7, 15.6, 14.099999999999998]
frr list: [4.444444444444445, 2.7777777777777777, 2.7777777777777777, 3.3333333333333335, 1.6666666666666667, 3.888888888888889, 3.3333333333333335, 1.6666666666666667, 2.2222222222222223, 5.555555555555555, 0.0, 2.7777777777777777, 2.2222222222222223, 5.555555555555555, 1.1111111111111112, 4.444444444444445, 4.444444444444445, 4.444444444444445, 1.6666666666666667, 0.0, 3.888888888888889, 0.0, 0.0, 5.555555555555555, 2.2222222222222223, 5.555555555555555, 3.888888888888889, 1.6666666666666667, 2.7777777777777777, 5.0]


classifier: fasttext
method: oos-train
dataset_size: data_small
30 times random select 9 intents
accuracy: 95.0
recall: 77.4
far: 22.6
frr: 2.8
accuracy list: [94.44444444444444, 95.92592592592592, 94.44444444444444, 97.4074074074074, 95.55555555555556, 94.81481481481482, 94.44444444444444, 94.44444444444444, 90.74074074074075, 95.18518518518519, 95.55555555555556, 94.07407407407408, 94.07407407407408, 89.62962962962962, 95.92592592592592, 98.51851851851852, 95.55555555555556, 93.7037037037037, 94.44444444444444, 95.92592592592592, 92.96296296296296, 94.81481481481482, 94.44444444444444, 95.18518518518519, 96.66666666666667, 95.18518518518519, 98.14814814814815, 95.92592592592592, 96.66666666666667, 94.44444444444444]
recall list: [77.2, 75.5, 76.4, 77.4, 78.4, 82.39999999999999, 78.5, 79.4, 79.0, 79.0, 82.1, 76.8, 73.6, 74.5, 74.2, 80.0, 71.1, 72.8, 77.2, 79.9, 79.80000000000001, 82.39999999999999, 78.7, 75.6, 76.1, 77.3, 79.4, 74.0, 80.80000000000001, 73.5]
far list: [22.8, 24.5, 23.599999999999998, 22.6, 21.6, 17.599999999999998, 21.5, 20.599999999999998, 21.0, 21.0, 17.9, 23.200000000000003, 26.400000000000002, 25.5, 25.8, 20.0, 28.9, 27.200000000000003, 22.8, 20.1, 20.200000000000003, 17.599999999999998, 21.3, 24.4, 23.9, 22.7, 20.599999999999998, 26.0, 19.2, 26.5]
frr list: [2.2222222222222223, 2.2222222222222223, 3.7037037037037033, 2.5925925925925926, 3.7037037037037033, 4.074074074074074, 2.9629629629629632, 1.8518518518518516, 3.3333333333333335, 4.444444444444445, 2.2222222222222223, 2.2222222222222223, 4.074074074074074, 4.444444444444445, 2.2222222222222223, 1.1111111111111112, 3.7037037037037033, 2.5925925925925926, 3.3333333333333335, 0.7407407407407408, 2.5925925925925926, 4.074074074074074, 4.814814814814815, 1.8518518518518516, 2.9629629629629632, 1.8518518518518516, 1.4814814814814816, 1.8518518518518516, 1.8518518518518516, 4.074074074074074]


classifier: fasttext
method: oos-train
dataset_size: data_small
30 times random select 12 intents
accuracy: 94.9
recall: 70.6
far: 29.4
frr: 2.5
accuracy list: [94.72222222222221, 96.38888888888889, 91.38888888888889, 96.11111111111111, 93.33333333333333, 95.55555555555556, 93.05555555555556, 94.44444444444444, 95.55555555555556, 95.83333333333334, 94.16666666666667, 95.83333333333334, 89.16666666666667, 96.11111111111111, 95.0, 95.27777777777777, 96.38888888888889, 97.77777777777777, 97.5, 95.83333333333334, 96.94444444444444, 95.55555555555556, 91.94444444444444, 95.0, 95.55555555555556, 95.55555555555556, 95.55555555555556, 93.33333333333333, 93.33333333333333, 95.83333333333334]
recall list: [67.30000000000001, 69.89999999999999, 71.6, 69.8, 70.1, 69.5, 73.5, 73.0, 71.5, 76.0, 75.4, 65.9, 70.3, 72.6, 59.599999999999994, 71.7, 66.60000000000001, 74.3, 74.8, 72.1, 73.9, 62.7, 71.8, 73.7, 67.5, 74.5, 67.80000000000001, 66.3, 66.9, 77.10000000000001]
far list: [32.7, 30.099999999999998, 28.4, 30.2, 29.9, 30.5, 26.5, 27.0, 28.499999999999996, 24.0, 24.6, 34.1, 29.7, 27.400000000000002, 40.400000000000006, 28.299999999999997, 33.4, 25.7, 25.2, 27.900000000000002, 26.1, 37.3, 28.199999999999996, 26.3, 32.5, 25.5, 32.2, 33.7, 33.1, 22.900000000000002]
frr list: [1.9444444444444444, 2.5, 1.3888888888888888, 0.5555555555555556, 4.444444444444445, 2.5, 4.722222222222222, 3.888888888888889, 2.2222222222222223, 2.5, 5.277777777777778, 1.9444444444444444, 5.833333333333333, 1.3888888888888888, 2.7777777777777777, 3.3333333333333335, 1.9444444444444444, 1.1111111111111112, 1.1111111111111112, 1.3888888888888888, 1.9444444444444444, 1.9444444444444444, 1.9444444444444444, 2.5, 3.0555555555555554, 3.0555555555555554, 0.2777777777777778, 3.3333333333333335, 3.0555555555555554, 1.6666666666666667]


classifier: fasttext
method: oos-train
dataset_size: data_imbalanced
30 times random select 3 intents
accuracy: 97.0
recall: 89.4
far: 10.6
frr: 2.3
accuracy list: [96.66666666666667, 98.88888888888889, 97.77777777777777, 97.77777777777777, 97.77777777777777, 97.77777777777777, 96.66666666666667, 98.88888888888889, 97.77777777777777, 95.55555555555556, 97.77777777777777, 96.66666666666667, 96.66666666666667, 94.44444444444444, 100.0, 91.11111111111111, 98.88888888888889, 95.55555555555556, 95.55555555555556, 96.66666666666667, 96.66666666666667, 94.44444444444444, 97.77777777777777, 95.55555555555556, 97.77777777777777, 97.77777777777777, 96.66666666666667, 97.77777777777777, 97.77777777777777, 97.77777777777777]
recall list: [91.9, 90.2, 88.9, 95.8, 94.8, 95.0, 84.1, 87.4, 96.7, 82.1, 91.5, 88.9, 85.0, 90.0, 95.1, 86.9, 93.2, 92.60000000000001, 78.4, 88.8, 87.9, 89.8, 86.6, 84.8, 92.5, 89.1, 80.5, 95.7, 85.0, 92.10000000000001]
far list: [8.1, 9.8, 11.1, 4.2, 5.2, 5.0, 15.9, 12.6, 3.3000000000000003, 17.9, 8.5, 11.1, 15.0, 10.0, 4.9, 13.100000000000001, 6.800000000000001, 7.3999999999999995, 21.6, 11.200000000000001, 12.1, 10.2, 13.4, 15.2, 7.5, 10.9, 19.5, 4.3, 15.0, 7.9]
frr list: [3.3333333333333335, 1.1111111111111112, 2.2222222222222223, 2.2222222222222223, 2.2222222222222223, 0.0, 3.3333333333333335, 1.1111111111111112, 2.2222222222222223, 3.3333333333333335, 2.2222222222222223, 3.3333333333333335, 2.2222222222222223, 4.444444444444445, 0.0, 2.2222222222222223, 1.1111111111111112, 3.3333333333333335, 3.3333333333333335, 3.3333333333333335, 2.2222222222222223, 2.2222222222222223, 2.2222222222222223, 2.2222222222222223, 2.2222222222222223, 2.2222222222222223, 2.2222222222222223, 2.2222222222222223, 2.2222222222222223, 1.1111111111111112]


classifier: fasttext
method: oos-train
dataset_size: data_imbalanced
30 times random select 6 intents
accuracy: 96.2
recall: 82.4
far: 17.6
frr: 2.5
accuracy list: [96.11111111111111, 96.11111111111111, 97.22222222222221, 97.77777777777777, 95.0, 93.88888888888889, 98.88888888888889, 93.33333333333333, 98.88888888888889, 94.44444444444444, 94.44444444444444, 95.55555555555556, 96.66666666666667, 95.0, 96.11111111111111, 96.66666666666667, 96.11111111111111, 97.77777777777777, 97.22222222222221, 96.66666666666667, 93.33333333333333, 98.33333333333333, 96.11111111111111, 98.33333333333333, 95.0, 97.22222222222221, 96.66666666666667, 96.66666666666667, 95.55555555555556, 94.44444444444444]
recall list: [90.0, 85.0, 83.2, 80.60000000000001, 85.0, 80.30000000000001, 87.1, 77.4, 81.39999999999999, 87.4, 79.7, 88.9, 77.5, 82.69999999999999, 77.8, 85.39999999999999, 84.1, 84.1, 82.5, 88.5, 78.60000000000001, 88.5, 86.1, 76.1, 80.60000000000001, 84.89999999999999, 71.0, 80.9, 73.1, 82.69999999999999]
far list: [10.0, 15.0, 16.8, 19.400000000000002, 15.0, 19.7, 12.9, 22.6, 18.6, 12.6, 20.3, 11.1, 22.5, 17.299999999999997, 22.2, 14.6, 15.9, 15.9, 17.5, 11.5, 21.4, 11.5, 13.900000000000002, 23.9, 19.400000000000002, 15.1, 28.999999999999996, 19.1, 26.900000000000002, 17.299999999999997]
frr list: [3.888888888888889, 2.7777777777777777, 1.6666666666666667, 1.1111111111111112, 2.7777777777777777, 1.6666666666666667, 0.5555555555555556, 5.555555555555555, 0.5555555555555556, 4.444444444444445, 5.555555555555555, 2.7777777777777777, 2.2222222222222223, 2.7777777777777777, 2.7777777777777777, 3.3333333333333335, 1.1111111111111112, 0.5555555555555556, 1.6666666666666667, 1.6666666666666667, 3.888888888888889, 1.6666666666666667, 3.3333333333333335, 0.5555555555555556, 3.888888888888889, 2.2222222222222223, 2.2222222222222223, 2.7777777777777777, 3.3333333333333335, 1.6666666666666667]


classifier: fasttext
method: oos-train
dataset_size: data_imbalanced
30 times random select 9 intents
accuracy: 95.8
recall: 76.4
far: 23.6
frr: 2.2
accuracy list: [97.03703703703704, 97.4074074074074, 94.81481481481482, 93.33333333333333, 96.29629629629629, 95.92592592592592, 97.4074074074074, 94.81481481481482, 96.29629629629629, 95.18518518518519, 94.44444444444444, 96.66666666666667, 98.14814814814815, 90.74074074074075, 97.4074074074074, 91.11111111111111, 95.55555555555556, 96.66666666666667, 93.7037037037037, 96.66666666666667, 96.66666666666667, 94.44444444444444, 94.81481481481482, 98.88888888888889, 96.29629629629629, 97.77777777777777, 95.92592592592592, 97.03703703703704, 96.66666666666667, 95.55555555555556]
recall list: [76.2, 73.2, 82.39999999999999, 82.89999999999999, 79.2, 66.8, 73.1, 80.30000000000001, 80.30000000000001, 80.60000000000001, 79.7, 81.39999999999999, 79.9, 74.1, 77.60000000000001, 68.89999999999999, 81.5, 74.9, 86.0, 73.8, 76.6, 73.5, 76.1, 71.2, 69.1, 76.5, 73.7, 73.9, 69.1, 79.10000000000001]
far list: [23.799999999999997, 26.8, 17.599999999999998, 17.1, 20.8, 33.2, 26.900000000000002, 19.7, 19.7, 19.400000000000002, 20.3, 18.6, 20.1, 25.900000000000002, 22.400000000000002, 31.1, 18.5, 25.1, 14.000000000000002, 26.200000000000003, 23.400000000000002, 26.5, 23.9, 28.799999999999997, 30.9, 23.5, 26.3, 26.1, 30.9, 20.9]
frr list: [1.4814814814814816, 1.4814814814814816, 2.2222222222222223, 3.3333333333333335, 1.8518518518518516, 2.2222222222222223, 1.4814814814814816, 2.9629629629629632, 2.2222222222222223, 1.4814814814814816, 3.3333333333333335, 2.2222222222222223, 1.4814814814814816, 2.5925925925925926, 1.8518518518518516, 5.9259259259259265, 3.3333333333333335, 1.4814814814814816, 5.185185185185185, 2.2222222222222223, 2.5925925925925926, 1.8518518518518516, 1.4814814814814816, 0.7407407407407408, 1.4814814814814816, 1.8518518518518516, 0.7407407407407408, 0.7407407407407408, 1.4814814814814816, 3.3333333333333335]


classifier: fasttext
method: oos-train
dataset_size: data_imbalanced
30 times random select 12 intents
accuracy: 95.2
recall: 69.7
far: 30.3
frr: 2.1
accuracy list: [96.66666666666667, 93.05555555555556, 92.5, 91.66666666666666, 91.94444444444444, 95.83333333333334, 94.72222222222221, 96.66666666666667, 95.27777777777777, 96.94444444444444, 96.11111111111111, 92.22222222222223, 96.11111111111111, 96.38888888888889, 93.61111111111111, 92.5, 95.0, 97.22222222222221, 95.0, 95.55555555555556, 96.11111111111111, 96.66666666666667, 95.27777777777777, 93.88888888888889, 96.11111111111111, 95.55555555555556, 97.22222222222221, 96.38888888888889, 94.16666666666667, 99.16666666666667]
recall list: [69.0, 71.6, 69.89999999999999, 70.6, 73.4, 72.3, 71.7, 71.1, 73.9, 72.39999999999999, 68.30000000000001, 64.2, 69.3, 65.8, 69.39999999999999, 64.1, 72.8, 62.7, 63.6, 65.9, 66.0, 69.6, 75.7, 61.4, 73.5, 68.0, 75.7, 73.9, 70.7, 73.8]
far list: [31.0, 28.4, 30.099999999999998, 29.4, 26.6, 27.700000000000003, 28.299999999999997, 28.9, 26.1, 27.6, 31.7, 35.8, 30.7, 34.2, 30.599999999999998, 35.9, 27.200000000000003, 37.3, 36.4, 34.1, 34.0, 30.4, 24.3, 38.6, 26.5, 32.0, 24.3, 26.1, 29.299999999999997, 26.200000000000003]
frr list: [1.3888888888888888, 3.0555555555555554, 1.9444444444444444, 4.444444444444445, 2.2222222222222223, 2.5, 1.1111111111111112, 1.9444444444444444, 3.3333333333333335, 2.2222222222222223, 2.5, 2.5, 1.1111111111111112, 1.6666666666666667, 4.444444444444445, 1.9444444444444444, 0.8333333333333334, 1.6666666666666667, 1.9444444444444444, 1.6666666666666667, 2.5, 1.3888888888888888, 2.7777777777777777, 2.5, 2.7777777777777777, 1.1111111111111112, 1.1111111111111112, 1.1111111111111112, 3.3333333333333335, 0.8333333333333334]


classifier: fasttext
method: oos-train
dataset_size: data_oos_plus
30 times random select 3 intents
accuracy: 95.3
recall: 96.6
far: 3.4
frr: 4.4
accuracy list: [97.77777777777777, 100.0, 93.33333333333333, 97.77777777777777, 95.55555555555556, 94.44444444444444, 98.88888888888889, 98.88888888888889, 94.44444444444444, 98.88888888888889, 94.44444444444444, 93.33333333333333, 92.22222222222223, 94.44444444444444, 88.88888888888889, 95.55555555555556, 96.66666666666667, 94.44444444444444, 95.55555555555556, 93.33333333333333, 95.55555555555556, 96.66666666666667, 97.77777777777777, 86.66666666666667, 96.66666666666667, 94.44444444444444, 95.55555555555556, 96.66666666666667, 92.22222222222223, 98.88888888888889]
recall list: [96.0, 97.2, 96.8, 95.8, 98.3, 99.1, 95.89999999999999, 97.2, 97.1, 94.6, 97.8, 97.0, 95.5, 98.4, 95.19999999999999, 97.7, 97.6, 97.2, 97.5, 95.19999999999999, 96.6, 98.6, 98.2, 94.19999999999999, 94.69999999999999, 95.89999999999999, 96.1, 95.3, 93.0, 97.6]
far list: [4.0, 2.8000000000000003, 3.2, 4.2, 1.7000000000000002, 0.8999999999999999, 4.1000000000000005, 2.8000000000000003, 2.9000000000000004, 5.4, 2.1999999999999997, 3.0, 4.5, 1.6, 4.8, 2.3, 2.4, 2.8000000000000003, 2.5, 4.8, 3.4000000000000004, 1.4000000000000001, 1.7999999999999998, 5.800000000000001, 5.3, 4.1000000000000005, 3.9, 4.7, 7.000000000000001, 2.4]
frr list: [2.2222222222222223, 0.0, 6.666666666666667, 2.2222222222222223, 4.444444444444445, 5.555555555555555, 1.1111111111111112, 1.1111111111111112, 5.555555555555555, 1.1111111111111112, 5.555555555555555, 6.666666666666667, 7.777777777777778, 5.555555555555555, 11.11111111111111, 4.444444444444445, 2.2222222222222223, 5.555555555555555, 4.444444444444445, 6.666666666666667, 3.3333333333333335, 3.3333333333333335, 2.2222222222222223, 11.11111111111111, 3.3333333333333335, 5.555555555555555, 4.444444444444445, 3.3333333333333335, 4.444444444444445, 1.1111111111111112]


classifier: fasttext
method: oos-train
dataset_size: data_oos_plus
30 times random select 6 intents
accuracy: 96.2
recall: 92.6
far: 7.4
frr: 2.9
accuracy list: [96.11111111111111, 97.22222222222221, 96.66666666666667, 90.0, 95.55555555555556, 98.33333333333333, 93.88888888888889, 96.11111111111111, 92.22222222222223, 97.77777777777777, 98.88888888888889, 96.66666666666667, 98.88888888888889, 96.11111111111111, 95.55555555555556, 95.55555555555556, 98.33333333333333, 97.22222222222221, 94.44444444444444, 96.11111111111111, 96.11111111111111, 96.11111111111111, 96.11111111111111, 95.55555555555556, 96.66666666666667, 98.33333333333333, 96.11111111111111, 95.55555555555556, 98.33333333333333, 95.0]
recall list: [85.39999999999999, 91.10000000000001, 96.1, 92.2, 93.8, 95.3, 93.60000000000001, 94.3, 84.8, 93.8, 95.5, 89.9, 97.0, 94.39999999999999, 93.89999999999999, 93.4, 96.1, 97.1, 86.4, 90.8, 89.7, 87.6, 92.10000000000001, 93.2, 93.2, 95.1, 93.4, 92.5, 94.8, 90.7]
far list: [14.6, 8.9, 3.9, 7.8, 6.2, 4.7, 6.4, 5.7, 15.2, 6.2, 4.5, 10.100000000000001, 3.0, 5.6000000000000005, 6.1, 6.6000000000000005, 3.9, 2.9000000000000004, 13.600000000000001, 9.2, 10.299999999999999, 12.4, 7.9, 6.800000000000001, 6.800000000000001, 4.9, 6.6000000000000005, 7.5, 5.2, 9.3]
frr list: [3.3333333333333335, 1.1111111111111112, 3.3333333333333335, 7.777777777777778, 2.7777777777777777, 1.1111111111111112, 6.111111111111111, 2.2222222222222223, 5.0, 2.2222222222222223, 0.0, 2.7777777777777777, 0.5555555555555556, 2.2222222222222223, 3.888888888888889, 3.888888888888889, 1.6666666666666667, 2.7777777777777777, 4.444444444444445, 1.1111111111111112, 2.7777777777777777, 2.7777777777777777, 3.888888888888889, 3.888888888888889, 2.2222222222222223, 1.1111111111111112, 3.3333333333333335, 3.3333333333333335, 1.6666666666666667, 4.444444444444445]


classifier: fasttext
method: oos-train
dataset_size: data_oos_plus
30 times random select 9 intents
accuracy: 95.7
recall: 89.8
far: 10.2
frr: 3.3
accuracy list: [98.51851851851852, 98.14814814814815, 97.03703703703704, 96.66666666666667, 92.5925925925926, 98.51851851851852, 95.18518518518519, 89.25925925925927, 93.7037037037037, 97.4074074074074, 96.29629629629629, 97.03703703703704, 97.77777777777777, 93.7037037037037, 96.29629629629629, 95.55555555555556, 97.03703703703704, 95.18518518518519, 95.55555555555556, 97.03703703703704, 96.66666666666667, 97.77777777777777, 94.44444444444444, 88.88888888888889, 95.18518518518519, 97.03703703703704, 95.18518518518519, 95.18518518518519, 96.29629629629629, 96.66666666666667]
recall list: [91.3, 92.7, 83.3, 91.2, 87.8, 89.7, 90.7, 88.8, 89.0, 88.5, 92.30000000000001, 91.8, 93.8, 91.5, 89.1, 91.9, 90.0, 90.0, 84.89999999999999, 90.9, 89.60000000000001, 90.5, 89.3, 82.89999999999999, 86.9, 90.8, 92.80000000000001, 88.1, 90.10000000000001, 94.19999999999999]
far list: [8.7, 7.3, 16.7, 8.799999999999999, 12.2, 10.299999999999999, 9.3, 11.200000000000001, 11.0, 11.5, 7.7, 8.200000000000001, 6.2, 8.5, 10.9, 8.1, 10.0, 10.0, 15.1, 9.1, 10.4, 9.5, 10.7, 17.1, 13.100000000000001, 9.2, 7.199999999999999, 11.899999999999999, 9.9, 5.800000000000001]
frr list: [1.1111111111111112, 1.4814814814814816, 2.2222222222222223, 1.4814814814814816, 2.9629629629629632, 0.7407407407407408, 2.9629629629629632, 9.25925925925926, 5.185185185185185, 2.5925925925925926, 2.2222222222222223, 2.2222222222222223, 2.2222222222222223, 5.185185185185185, 2.9629629629629632, 3.7037037037037033, 2.9629629629629632, 2.9629629629629632, 3.7037037037037033, 2.9629629629629632, 3.3333333333333335, 1.8518518518518516, 4.814814814814815, 9.62962962962963, 3.3333333333333335, 2.5925925925925926, 4.814814814814815, 1.8518518518518516, 2.2222222222222223, 2.9629629629629632]


classifier: fasttext
method: oos-train
dataset_size: data_oos_plus
30 times random select 12 intents
accuracy: 95.5
recall: 86.3
far: 13.7
frr: 2.8
accuracy list: [95.55555555555556, 95.83333333333334, 95.27777777777777, 93.88888888888889, 96.11111111111111, 94.72222222222221, 97.22222222222221, 94.72222222222221, 95.83333333333334, 96.11111111111111, 93.33333333333333, 94.16666666666667, 97.22222222222221, 94.72222222222221, 95.0, 91.66666666666666, 96.38888888888889, 93.61111111111111, 97.5, 97.77777777777777, 96.66666666666667, 96.11111111111111, 93.61111111111111, 96.66666666666667, 95.83333333333334, 96.11111111111111, 95.83333333333334, 93.33333333333333, 94.44444444444444, 98.88888888888889]
recall list: [88.1, 87.8, 81.8, 89.7, 87.3, 81.69999999999999, 87.8, 87.1, 81.39999999999999, 85.6, 85.6, 86.1, 84.39999999999999, 85.5, 81.8, 92.30000000000001, 82.5, 87.1, 87.9, 90.60000000000001, 83.89999999999999, 89.0, 86.9, 86.5, 86.8, 89.2, 88.8, 87.1, 85.3, 82.8]
far list: [11.899999999999999, 12.2, 18.2, 10.299999999999999, 12.7, 18.3, 12.2, 12.9, 18.6, 14.399999999999999, 14.399999999999999, 13.900000000000002, 15.6, 14.499999999999998, 18.2, 7.7, 17.5, 12.9, 12.1, 9.4, 16.1, 11.0, 13.100000000000001, 13.5, 13.200000000000001, 10.8, 11.200000000000001, 12.9, 14.7, 17.2]
frr list: [1.9444444444444444, 2.2222222222222223, 3.0555555555555554, 4.444444444444445, 2.7777777777777777, 3.3333333333333335, 1.6666666666666667, 3.3333333333333335, 3.0555555555555554, 1.9444444444444444, 3.888888888888889, 4.444444444444445, 1.6666666666666667, 3.888888888888889, 3.0555555555555554, 5.0, 2.2222222222222223, 3.0555555555555554, 2.2222222222222223, 1.6666666666666667, 1.6666666666666667, 1.9444444444444444, 4.166666666666666, 1.3888888888888888, 1.9444444444444444, 2.2222222222222223, 3.6111111111111107, 4.444444444444445, 1.9444444444444444, 1.1111111111111112]


