classifier: svm
method: oos-binary
dataset_size: binary_undersample
30 times random select 3 intents
accuracy: 98.3
recall: 8.6
far: 91.4
frr: 1.2
accuracy list: [97.77777777777777, 93.33333333333333, 100.0, 100.0, 98.88888888888889, 96.66666666666667, 100.0, 96.66666666666667, 98.88888888888889, 100.0, 98.88888888888889, 93.33333333333333, 97.77777777777777, 100.0, 100.0, 100.0, 100.0, 96.66666666666667, 100.0, 96.66666666666667, 97.77777777777777, 100.0, 100.0, 96.66666666666667, 100.0, 98.88888888888889, 98.88888888888889, 100.0, 98.88888888888889, 93.33333333333333]
recall list: [7.3, 14.099999999999998, 3.8, 10.0, 6.9, 3.8, 12.4, 13.200000000000001, 6.1, 11.600000000000001, 8.200000000000001, 17.4, 8.1, 8.3, 5.4, 3.5000000000000004, 9.1, 15.4, 5.8999999999999995, 9.6, 4.0, 8.4, 1.2, 17.299999999999997, 2.7, 10.5, 10.100000000000001, 8.6, 2.3, 13.0]
far list: [92.7, 85.9, 96.2, 90.0, 93.10000000000001, 96.2, 87.6, 86.8, 93.89999999999999, 88.4, 91.8, 82.6, 91.9, 91.7, 94.6, 96.5, 90.9, 84.6, 94.1, 90.4, 96.0, 91.60000000000001, 98.8, 82.69999999999999, 97.3, 89.5, 89.9, 91.4, 97.7, 87.0]
frr list: [0.0, 6.666666666666667, 0.0, 0.0, 0.0, 0.0, 0.0, 3.3333333333333335, 1.1111111111111112, 0.0, 0.0, 6.666666666666667, 1.1111111111111112, 0.0, 0.0, 0.0, 0.0, 3.3333333333333335, 0.0, 2.2222222222222223, 2.2222222222222223, 0.0, 0.0, 2.2222222222222223, 0.0, 1.1111111111111112, 0.0, 0.0, 1.1111111111111112, 4.444444444444445]


classifier: svm
method: oos-binary
dataset_size: binary_undersample
30 times random select 6 intents
accuracy: 97.2
recall: 15.1
far: 84.9
frr: 1.5
accuracy list: [97.77777777777777, 97.77777777777777, 98.88888888888889, 96.11111111111111, 98.33333333333333, 95.55555555555556, 99.44444444444444, 96.66666666666667, 97.22222222222221, 99.44444444444444, 92.22222222222223, 98.33333333333333, 98.88888888888889, 94.44444444444444, 87.22222222222223, 98.88888888888889, 97.77777777777777, 95.0, 98.88888888888889, 99.44444444444444, 91.11111111111111, 97.77777777777777, 98.88888888888889, 97.77777777777777, 97.22222222222221, 97.77777777777777, 97.22222222222221, 98.88888888888889, 100.0, 100.0]
recall list: [12.6, 14.899999999999999, 16.400000000000002, 15.6, 20.9, 15.5, 18.9, 15.0, 16.0, 16.8, 13.8, 16.8, 8.9, 13.900000000000002, 20.0, 7.9, 16.1, 9.6, 13.200000000000001, 13.4, 18.9, 21.9, 10.4, 17.599999999999998, 16.1, 10.6, 17.1, 15.0, 14.6, 15.0]
far list: [87.4, 85.1, 83.6, 84.39999999999999, 79.10000000000001, 84.5, 81.10000000000001, 85.0, 84.0, 83.2, 86.2, 83.2, 91.10000000000001, 86.1, 80.0, 92.10000000000001, 83.89999999999999, 90.4, 86.8, 86.6, 81.10000000000001, 78.10000000000001, 89.60000000000001, 82.39999999999999, 83.89999999999999, 89.4, 82.89999999999999, 85.0, 85.39999999999999, 85.0]
frr list: [1.1111111111111112, 2.2222222222222223, 0.5555555555555556, 0.5555555555555556, 1.1111111111111112, 2.2222222222222223, 0.5555555555555556, 1.6666666666666667, 1.1111111111111112, 0.5555555555555556, 6.666666666666667, 1.1111111111111112, 0.0, 1.1111111111111112, 9.444444444444445, 0.5555555555555556, 1.1111111111111112, 1.6666666666666667, 0.5555555555555556, 0.5555555555555556, 4.444444444444445, 1.1111111111111112, 1.1111111111111112, 0.5555555555555556, 0.5555555555555556, 0.5555555555555556, 0.5555555555555556, 0.5555555555555556, 0.0, 0.0]


classifier: svm
method: oos-binary
dataset_size: binary_undersample
30 times random select 9 intents
accuracy: 96.7
recall: 18.0
far: 82.0
frr: 1.7
accuracy list: [98.51851851851852, 95.18518518518519, 97.77777777777777, 94.07407407407408, 98.88888888888889, 93.33333333333333, 96.29629629629629, 98.14814814814815, 98.88888888888889, 95.92592592592592, 96.66666666666667, 98.14814814814815, 98.88888888888889, 97.77777777777777, 98.14814814814815, 97.4074074074074, 97.03703703703704, 98.51851851851852, 99.25925925925925, 98.14814814814815, 95.18518518518519, 98.14814814814815, 99.25925925925925, 90.74074074074075, 95.18518518518519, 94.44444444444444, 97.03703703703704, 92.96296296296296, 94.44444444444444, 96.66666666666667]
recall list: [16.6, 14.6, 19.2, 19.3, 17.9, 18.3, 16.7, 17.8, 14.499999999999998, 19.3, 18.099999999999998, 19.7, 18.9, 18.099999999999998, 20.4, 14.399999999999999, 21.099999999999998, 15.5, 19.0, 15.4, 20.0, 15.0, 19.0, 21.2, 18.2, 20.200000000000003, 19.0, 19.6, 17.299999999999997, 14.499999999999998]
far list: [83.39999999999999, 85.39999999999999, 80.80000000000001, 80.7, 82.1, 81.69999999999999, 83.3, 82.19999999999999, 85.5, 80.7, 81.89999999999999, 80.30000000000001, 81.10000000000001, 81.89999999999999, 79.60000000000001, 85.6, 78.9, 84.5, 81.0, 84.6, 80.0, 85.0, 81.0, 78.8, 81.8, 79.80000000000001, 81.0, 80.4, 82.69999999999999, 85.5]
frr list: [0.0, 2.5925925925925926, 0.7407407407407408, 2.9629629629629632, 0.3703703703703704, 5.9259259259259265, 1.4814814814814816, 1.4814814814814816, 0.0, 1.1111111111111112, 0.7407407407407408, 1.4814814814814816, 0.3703703703703704, 1.1111111111111112, 0.0, 0.3703703703703704, 2.2222222222222223, 0.3703703703703704, 0.7407407407407408, 1.1111111111111112, 1.8518518518518516, 1.8518518518518516, 0.7407407407407408, 4.814814814814815, 1.8518518518518516, 2.2222222222222223, 1.8518518518518516, 5.185185185185185, 1.8518518518518516, 2.2222222222222223]


classifier: svm
method: oos-binary
dataset_size: binary_undersample
30 times random select 12 intents
accuracy: 96.5
recall: 19.4
far: 80.6
frr: 1.5
accuracy list: [95.55555555555556, 97.22222222222221, 95.83333333333334, 98.61111111111111, 93.61111111111111, 96.66666666666667, 96.94444444444444, 94.72222222222221, 98.05555555555556, 96.94444444444444, 96.11111111111111, 97.22222222222221, 96.11111111111111, 95.83333333333334, 98.05555555555556, 96.94444444444444, 93.61111111111111, 96.94444444444444, 93.33333333333333, 97.77777777777777, 97.5, 98.33333333333333, 96.94444444444444, 93.61111111111111, 97.5, 97.22222222222221, 95.83333333333334, 97.5, 97.22222222222221, 98.05555555555556]
recall list: [19.8, 17.0, 24.9, 17.7, 19.5, 20.5, 18.0, 18.4, 19.2, 20.3, 19.400000000000002, 19.5, 16.7, 20.8, 22.0, 18.8, 21.4, 21.6, 18.8, 22.5, 17.9, 17.599999999999998, 21.8, 20.0, 18.6, 13.600000000000001, 16.2, 21.4, 20.5, 16.6]
far list: [80.2, 83.0, 75.1, 82.3, 80.5, 79.5, 82.0, 81.6, 80.80000000000001, 79.7, 80.60000000000001, 80.5, 83.3, 79.2, 78.0, 81.2, 78.60000000000001, 78.4, 81.2, 77.5, 82.1, 82.39999999999999, 78.2, 80.0, 81.39999999999999, 86.4, 83.8, 78.60000000000001, 79.5, 83.39999999999999]
frr list: [2.2222222222222223, 1.6666666666666667, 2.5, 0.0, 2.7777777777777777, 1.1111111111111112, 1.1111111111111112, 1.1111111111111112, 0.5555555555555556, 1.1111111111111112, 1.9444444444444444, 0.8333333333333334, 1.9444444444444444, 1.9444444444444444, 1.1111111111111112, 0.8333333333333334, 4.444444444444445, 1.3888888888888888, 1.9444444444444444, 1.1111111111111112, 0.0, 0.2777777777777778, 1.9444444444444444, 3.0555555555555554, 1.3888888888888888, 1.3888888888888888, 1.1111111111111112, 0.2777777777777778, 1.6666666666666667, 0.8333333333333334]


classifier: svm
method: oos-binary
dataset_size: binary_wiki_aug
30 times random select 3 intents
accuracy: 94.9
recall: 18.6
far: 81.4
frr: 4.6
accuracy list: [98.88888888888889, 96.66666666666667, 97.77777777777777, 95.55555555555556, 86.66666666666667, 98.88888888888889, 88.88888888888889, 94.44444444444444, 97.77777777777777, 82.22222222222221, 100.0, 100.0, 90.0, 97.77777777777777, 90.0, 93.33333333333333, 98.88888888888889, 96.66666666666667, 96.66666666666667, 90.0, 98.88888888888889, 98.88888888888889, 94.44444444444444, 96.66666666666667, 94.44444444444444, 95.55555555555556, 100.0, 98.88888888888889, 93.33333333333333, 84.44444444444444]
recall list: [17.299999999999997, 18.2, 17.8, 19.900000000000002, 18.3, 18.2, 20.7, 18.099999999999998, 16.2, 17.8, 18.4, 18.8, 18.0, 16.6, 18.9, 17.9, 17.2, 21.5, 18.3, 19.2, 18.9, 18.4, 20.3, 19.8, 20.599999999999998, 18.3, 18.5, 18.7, 19.0, 19.2]
far list: [82.69999999999999, 81.8, 82.19999999999999, 80.10000000000001, 81.69999999999999, 81.8, 79.3, 81.89999999999999, 83.8, 82.19999999999999, 81.6, 81.2, 82.0, 83.39999999999999, 81.10000000000001, 82.1, 82.8, 78.5, 81.69999999999999, 80.80000000000001, 81.10000000000001, 81.6, 79.7, 80.2, 79.4, 81.69999999999999, 81.5, 81.3, 81.0, 80.80000000000001]
frr list: [0.0, 3.3333333333333335, 2.2222222222222223, 4.444444444444445, 13.333333333333334, 1.1111111111111112, 10.0, 3.3333333333333335, 2.2222222222222223, 16.666666666666664, 0.0, 0.0, 8.88888888888889, 1.1111111111111112, 10.0, 6.666666666666667, 1.1111111111111112, 3.3333333333333335, 3.3333333333333335, 10.0, 1.1111111111111112, 1.1111111111111112, 5.555555555555555, 2.2222222222222223, 3.3333333333333335, 4.444444444444445, 0.0, 1.1111111111111112, 4.444444444444445, 14.444444444444443]


classifier: svm
method: oos-binary
dataset_size: binary_wiki_aug
30 times random select 6 intents
accuracy: 92.8
recall: 18.4
far: 81.6
frr: 5.9
accuracy list: [82.77777777777777, 96.66666666666667, 98.88888888888889, 92.22222222222223, 97.77777777777777, 93.88888888888889, 97.77777777777777, 92.22222222222223, 94.44444444444444, 95.0, 92.77777777777779, 90.0, 91.11111111111111, 88.33333333333333, 95.0, 87.77777777777777, 92.77777777777779, 95.0, 91.11111111111111, 91.11111111111111, 90.55555555555556, 81.66666666666667, 95.0, 91.66666666666666, 94.44444444444444, 94.44444444444444, 90.55555555555556, 99.44444444444444, 92.22222222222223, 98.33333333333333]
recall list: [17.9, 20.0, 18.3, 17.2, 18.3, 18.7, 19.6, 19.7, 19.400000000000002, 19.2, 18.8, 17.299999999999997, 18.9, 17.9, 18.8, 16.6, 17.7, 16.8, 18.6, 19.3, 19.0, 18.099999999999998, 17.299999999999997, 18.7, 18.2, 18.4, 18.7, 17.599999999999998, 18.8, 18.0]
far list: [82.1, 80.0, 81.69999999999999, 82.8, 81.69999999999999, 81.3, 80.4, 80.30000000000001, 80.60000000000001, 80.80000000000001, 81.2, 82.69999999999999, 81.10000000000001, 82.1, 81.2, 83.39999999999999, 82.3, 83.2, 81.39999999999999, 80.7, 81.0, 81.89999999999999, 82.69999999999999, 81.3, 81.8, 81.6, 81.3, 82.39999999999999, 81.2, 82.0]
frr list: [15.555555555555555, 3.3333333333333335, 0.5555555555555556, 5.555555555555555, 1.1111111111111112, 5.555555555555555, 1.6666666666666667, 7.222222222222221, 2.7777777777777777, 4.444444444444445, 6.666666666666667, 8.333333333333332, 7.777777777777778, 10.555555555555555, 5.0, 11.11111111111111, 4.444444444444445, 5.0, 8.333333333333332, 6.666666666666667, 5.0, 15.555555555555555, 4.444444444444445, 7.777777777777778, 4.444444444444445, 3.888888888888889, 6.666666666666667, 0.5555555555555556, 6.666666666666667, 1.6666666666666667]


classifier: svm
method: oos-binary
dataset_size: binary_wiki_aug
30 times random select 9 intents
accuracy: 94.5
recall: 18.9
far: 81.1
frr: 4.5
accuracy list: [94.44444444444444, 96.66666666666667, 92.96296296296296, 94.07407407407408, 95.18518518518519, 97.4074074074074, 93.7037037037037, 93.33333333333333, 95.18518518518519, 93.7037037037037, 91.85185185185185, 91.11111111111111, 94.44444444444444, 97.03703703703704, 94.44444444444444, 95.18518518518519, 94.81481481481482, 92.5925925925926, 97.03703703703704, 94.07407407407408, 89.25925925925927, 92.22222222222223, 98.51851851851852, 92.5925925925926, 96.29629629629629, 95.18518518518519, 93.7037037037037, 97.4074074074074, 93.33333333333333, 95.92592592592592]
recall list: [19.7, 17.9, 19.1, 19.2, 17.1, 19.7, 18.4, 18.6, 17.0, 18.8, 18.7, 19.3, 18.3, 20.4, 19.1, 19.1, 19.6, 18.8, 18.5, 18.9, 17.5, 18.2, 19.900000000000002, 19.3, 20.4, 20.599999999999998, 18.8, 17.8, 18.9, 19.0]
far list: [80.30000000000001, 82.1, 80.9, 80.80000000000001, 82.89999999999999, 80.30000000000001, 81.6, 81.39999999999999, 83.0, 81.2, 81.3, 80.7, 81.69999999999999, 79.60000000000001, 80.9, 80.9, 80.4, 81.2, 81.5, 81.10000000000001, 82.5, 81.8, 80.10000000000001, 80.7, 79.60000000000001, 79.4, 81.2, 82.19999999999999, 81.10000000000001, 81.0]
frr list: [4.814814814814815, 2.9629629629629632, 6.666666666666667, 5.555555555555555, 3.3333333333333335, 2.5925925925925926, 5.9259259259259265, 3.7037037037037033, 3.3333333333333335, 4.814814814814815, 5.9259259259259265, 8.148148148148149, 5.185185185185185, 1.4814814814814816, 4.074074074074074, 4.074074074074074, 4.814814814814815, 3.7037037037037033, 1.8518518518518516, 5.185185185185185, 8.518518518518519, 6.666666666666667, 0.7407407407407408, 5.9259259259259265, 2.9629629629629632, 4.074074074074074, 4.814814814814815, 2.5925925925925926, 5.9259259259259265, 3.3333333333333335]


classifier: svm
method: oos-binary
dataset_size: binary_wiki_aug
30 times random select 12 intents
accuracy: 94.5
recall: 20.0
far: 80.0
frr: 4.0
accuracy list: [95.0, 93.33333333333333, 95.83333333333334, 94.72222222222221, 95.0, 97.22222222222221, 93.05555555555556, 87.77777777777777, 93.88888888888889, 96.38888888888889, 95.55555555555556, 93.61111111111111, 95.27777777777777, 95.27777777777777, 96.38888888888889, 96.11111111111111, 94.16666666666667, 94.44444444444444, 95.0, 95.0, 98.88888888888889, 95.0, 87.5, 92.77777777777779, 89.16666666666667, 93.88888888888889, 97.5, 96.66666666666667, 94.16666666666667, 96.38888888888889]
recall list: [20.5, 18.099999999999998, 19.900000000000002, 21.6, 21.3, 19.0, 21.0, 18.6, 18.8, 20.3, 20.8, 20.5, 20.7, 18.4, 22.5, 20.5, 19.400000000000002, 19.7, 21.3, 20.1, 19.2, 19.0, 18.7, 19.5, 20.8, 18.3, 20.5, 19.5, 20.200000000000003, 20.5]
far list: [79.5, 81.89999999999999, 80.10000000000001, 78.4, 78.7, 81.0, 79.0, 81.39999999999999, 81.2, 79.7, 79.2, 79.5, 79.3, 81.6, 77.5, 79.5, 80.60000000000001, 80.30000000000001, 78.7, 79.9, 80.80000000000001, 81.0, 81.3, 80.5, 79.2, 81.69999999999999, 79.5, 80.5, 79.80000000000001, 79.5]
frr list: [5.0, 5.0, 2.2222222222222223, 3.3333333333333335, 4.166666666666666, 1.9444444444444444, 6.388888888888888, 8.61111111111111, 2.5, 2.5, 3.6111111111111107, 5.277777777777778, 3.0555555555555554, 3.6111111111111107, 2.7777777777777777, 2.2222222222222223, 2.5, 4.166666666666666, 3.6111111111111107, 2.7777777777777777, 1.1111111111111112, 3.3333333333333335, 10.555555555555555, 4.722222222222222, 8.333333333333332, 4.166666666666666, 1.3888888888888888, 2.2222222222222223, 5.0, 2.5]


