classifier: svm
method: oos-threshold
dataset_size: data_full
30 times random select 3 intents
accuracy: 93.3
recall: 81.8
far: 18.2
frr: 6.6
accuracy list: [78.88888888888889, 97.77777777777777, 98.88888888888889, 90.0, 95.55555555555556, 92.22222222222223, 96.66666666666667, 100.0, 95.55555555555556, 91.11111111111111, 84.44444444444444, 87.77777777777777, 97.77777777777777, 92.22222222222223, 95.55555555555556, 97.77777777777777, 85.55555555555556, 93.33333333333333, 93.33333333333333, 97.77777777777777, 98.88888888888889, 95.55555555555556, 95.55555555555556, 86.66666666666667, 93.33333333333333, 95.55555555555556, 88.88888888888889, 93.33333333333333, 100.0, 90.0]
recall list: [90.2, 55.00000000000001, 84.0, 97.0, 85.1, 33.6, 86.4, 43.9, 85.8, 69.89999999999999, 92.10000000000001, 88.7, 52.7, 80.10000000000001, 88.5, 91.4, 94.69999999999999, 95.8, 94.5, 93.0, 67.30000000000001, 92.4, 86.7, 91.5, 84.3, 91.9, 98.5, 77.2, 62.9, 97.89999999999999]
far list: [9.8, 45.0, 16.0, 3.0, 14.899999999999999, 66.4, 13.600000000000001, 56.10000000000001, 14.2, 30.099999999999998, 7.9, 11.3, 47.3, 19.900000000000002, 11.5, 8.6, 5.3, 4.2, 5.5, 7.000000000000001, 32.7, 7.6, 13.3, 8.5, 15.7, 8.1, 1.5, 22.8, 37.1, 2.1]
frr list: [21.11111111111111, 2.2222222222222223, 1.1111111111111112, 10.0, 4.444444444444445, 7.777777777777778, 3.3333333333333335, 0.0, 4.444444444444445, 8.88888888888889, 15.555555555555555, 11.11111111111111, 2.2222222222222223, 7.777777777777778, 4.444444444444445, 2.2222222222222223, 14.444444444444443, 6.666666666666667, 6.666666666666667, 2.2222222222222223, 1.1111111111111112, 4.444444444444445, 4.444444444444445, 13.333333333333334, 6.666666666666667, 4.444444444444445, 11.11111111111111, 6.666666666666667, 0.0, 10.0]


classifier: svm
method: oos-threshold
dataset_size: data_full
30 times random select 6 intents
accuracy: 95.5
recall: 76.6
far: 23.4
frr: 4.2
accuracy list: [93.88888888888889, 97.77777777777777, 97.77777777777777, 96.66666666666667, 94.44444444444444, 92.77777777777779, 98.33333333333333, 96.11111111111111, 96.66666666666667, 96.11111111111111, 94.44444444444444, 97.22222222222221, 93.33333333333333, 96.66666666666667, 92.22222222222223, 95.55555555555556, 93.88888888888889, 93.88888888888889, 95.55555555555556, 95.55555555555556, 97.22222222222221, 97.77777777777777, 97.22222222222221, 89.44444444444444, 98.33333333333333, 93.88888888888889, 98.33333333333333, 92.77777777777779, 92.77777777777779, 98.33333333333333]
recall list: [74.0, 55.300000000000004, 50.4, 87.9, 80.5, 74.6, 66.8, 88.2, 78.0, 85.7, 79.0, 76.5, 91.10000000000001, 80.0, 67.10000000000001, 55.800000000000004, 81.2, 90.10000000000001, 83.39999999999999, 88.8, 84.2, 75.7, 79.3, 95.3, 90.5, 79.3, 36.3, 73.5, 66.60000000000001, 82.1]
far list: [26.0, 44.7, 49.6, 12.1, 19.5, 25.4, 33.2, 11.799999999999999, 22.0, 14.299999999999999, 21.0, 23.5, 8.9, 20.0, 32.9, 44.2, 18.8, 9.9, 16.6, 11.200000000000001, 15.8, 24.3, 20.7, 4.7, 9.5, 20.7, 63.7, 26.5, 33.4, 17.9]
frr list: [5.0, 1.6666666666666667, 1.6666666666666667, 3.3333333333333335, 5.555555555555555, 7.222222222222221, 1.6666666666666667, 3.888888888888889, 3.3333333333333335, 3.888888888888889, 5.555555555555555, 2.7777777777777777, 6.666666666666667, 3.3333333333333335, 7.222222222222221, 3.888888888888889, 3.3333333333333335, 6.111111111111111, 4.444444444444445, 4.444444444444445, 2.2222222222222223, 2.2222222222222223, 2.7777777777777777, 10.555555555555555, 1.6666666666666667, 6.111111111111111, 0.5555555555555556, 6.666666666666667, 6.666666666666667, 1.6666666666666667]


classifier: svm
method: oos-threshold
dataset_size: data_full
30 times random select 9 intents
accuracy: 95.3
recall: 69.2
far: 30.8
frr: 3.7
accuracy list: [96.29629629629629, 94.81481481481482, 94.07407407407408, 93.7037037037037, 97.4074074074074, 97.03703703703704, 96.66666666666667, 91.48148148148148, 94.07407407407408, 94.07407407407408, 94.07407407407408, 92.5925925925926, 96.29629629629629, 91.48148148148148, 96.66666666666667, 97.03703703703704, 97.4074074074074, 94.81481481481482, 95.18518518518519, 95.92592592592592, 92.22222222222223, 95.55555555555556, 97.4074074074074, 98.14814814814815, 93.33333333333333, 98.14814814814815, 96.29629629629629, 94.81481481481482, 94.07407407407408, 98.88888888888889]
recall list: [39.0, 0.8, 86.2, 79.7, 40.699999999999996, 42.0, 79.60000000000001, 78.4, 70.5, 81.2, 82.39999999999999, 92.4, 86.3, 81.10000000000001, 56.2, 78.3, 72.39999999999999, 62.3, 81.2, 81.0, 81.10000000000001, 77.9, 11.700000000000001, 67.9, 79.7, 78.8, 85.39999999999999, 82.5, 74.1, 64.1]
far list: [61.0, 99.2, 13.8, 20.3, 59.3, 57.99999999999999, 20.4, 21.6, 29.5, 18.8, 17.599999999999998, 7.6, 13.700000000000001, 18.9, 43.8, 21.7, 27.6, 37.7, 18.8, 19.0, 18.9, 22.1, 88.3, 32.1, 20.3, 21.2, 14.6, 17.5, 25.900000000000002, 35.9]
frr list: [2.2222222222222223, 0.0, 5.9259259259259265, 5.555555555555555, 0.7407407407407408, 1.8518518518518516, 3.3333333333333335, 7.037037037037037, 2.5925925925925926, 5.555555555555555, 5.9259259259259265, 6.666666666666667, 3.3333333333333335, 8.148148148148149, 2.9629629629629632, 2.5925925925925926, 2.2222222222222223, 2.9629629629629632, 4.814814814814815, 3.3333333333333335, 7.777777777777778, 4.444444444444445, 0.3703703703703704, 1.8518518518518516, 5.9259259259259265, 1.1111111111111112, 2.9629629629629632, 4.814814814814815, 4.074074074074074, 1.1111111111111112]


classifier: svm
method: oos-threshold
dataset_size: data_full
30 times random select 12 intents
accuracy: 95.9
recall: 65.1
far: 34.9
frr: 3.1
accuracy list: [95.55555555555556, 96.38888888888889, 94.72222222222221, 96.94444444444444, 97.5, 97.77777777777777, 96.94444444444444, 97.5, 98.33333333333333, 98.61111111111111, 98.05555555555556, 97.22222222222221, 97.22222222222221, 97.22222222222221, 96.94444444444444, 95.55555555555556, 97.22222222222221, 92.22222222222223, 95.0, 98.88888888888889, 95.0, 93.61111111111111, 95.55555555555556, 94.44444444444444, 94.44444444444444, 96.94444444444444, 92.22222222222223, 97.5, 91.66666666666666, 90.55555555555556]
recall list: [74.7, 77.9, 83.6, 55.60000000000001, 74.5, 70.3, 38.0, 55.50000000000001, 65.4, 57.599999999999994, 61.5, 67.60000000000001, 75.4, 55.00000000000001, 67.9, 66.2, 28.4, 91.2, 77.4, 0.7000000000000001, 72.0, 77.5, 74.3, 81.10000000000001, 60.699999999999996, 40.1, 89.3, 46.6, 87.8, 78.60000000000001]
far list: [25.3, 22.1, 16.400000000000002, 44.4, 25.5, 29.7, 62.0, 44.5, 34.599999999999994, 42.4, 38.5, 32.4, 24.6, 45.0, 32.1, 33.800000000000004, 71.6, 8.799999999999999, 22.6, 99.3, 28.000000000000004, 22.5, 25.7, 18.9, 39.300000000000004, 59.9, 10.7, 53.400000000000006, 12.2, 21.4]
frr list: [3.6111111111111107, 3.0555555555555554, 4.444444444444445, 1.3888888888888888, 1.6666666666666667, 1.6666666666666667, 1.1111111111111112, 1.1111111111111112, 1.1111111111111112, 0.8333333333333334, 1.1111111111111112, 2.5, 1.9444444444444444, 2.2222222222222223, 2.5, 3.3333333333333335, 1.1111111111111112, 7.777777777777778, 4.166666666666666, 0.0, 4.166666666666666, 6.388888888888888, 2.2222222222222223, 3.3333333333333335, 5.277777777777778, 1.3888888888888888, 7.777777777777778, 0.2777777777777778, 8.055555555555555, 6.944444444444445]


classifier: svm
method: oos-threshold
dataset_size: data_small
30 times random select 3 intents
accuracy: 93.9
recall: 69.5
far: 30.5
frr: 5.9
accuracy list: [78.88888888888889, 98.88888888888889, 86.66666666666667, 96.66666666666667, 92.22222222222223, 93.33333333333333, 100.0, 97.77777777777777, 93.33333333333333, 95.55555555555556, 85.55555555555556, 97.77777777777777, 93.33333333333333, 87.77777777777777, 95.55555555555556, 97.77777777777777, 91.11111111111111, 93.33333333333333, 98.88888888888889, 100.0, 92.22222222222223, 84.44444444444444, 98.88888888888889, 87.77777777777777, 93.33333333333333, 95.55555555555556, 98.88888888888889, 98.88888888888889, 100.0, 92.22222222222223]
recall list: [85.2, 95.89999999999999, 93.10000000000001, 34.8, 88.7, 63.6, 59.3, 63.6, 83.0, 83.6, 53.400000000000006, 54.400000000000006, 80.10000000000001, 95.89999999999999, 73.9, 71.2, 78.8, 91.2, 19.8, 70.1, 88.6, 84.2, 82.89999999999999, 84.39999999999999, 59.9, 57.699999999999996, 44.1, 95.1, 3.4000000000000004, 44.7]
far list: [14.799999999999999, 4.1000000000000005, 6.9, 65.2, 11.3, 36.4, 40.699999999999996, 36.4, 17.0, 16.400000000000002, 46.6, 45.6, 19.900000000000002, 4.1000000000000005, 26.1, 28.799999999999997, 21.2, 8.799999999999999, 80.2, 29.9, 11.4, 15.8, 17.1, 15.6, 40.1, 42.3, 55.900000000000006, 4.9, 96.6, 55.300000000000004]
frr list: [21.11111111111111, 1.1111111111111112, 13.333333333333334, 1.1111111111111112, 7.777777777777778, 6.666666666666667, 0.0, 2.2222222222222223, 6.666666666666667, 4.444444444444445, 13.333333333333334, 1.1111111111111112, 6.666666666666667, 12.222222222222221, 3.3333333333333335, 2.2222222222222223, 8.88888888888889, 6.666666666666667, 0.0, 0.0, 7.777777777777778, 15.555555555555555, 1.1111111111111112, 12.222222222222221, 6.666666666666667, 4.444444444444445, 1.1111111111111112, 1.1111111111111112, 0.0, 7.777777777777778]


classifier: svm
method: oos-threshold
dataset_size: data_small
30 times random select 6 intents
accuracy: 94.7
recall: 70.7
far: 29.3
frr: 4.8
accuracy list: [92.77777777777779, 100.0, 95.55555555555556, 98.88888888888889, 97.77777777777777, 93.33333333333333, 93.33333333333333, 91.66666666666666, 97.77777777777777, 95.0, 96.11111111111111, 93.33333333333333, 92.22222222222223, 96.11111111111111, 93.33333333333333, 97.22222222222221, 93.33333333333333, 95.55555555555556, 94.44444444444444, 86.11111111111111, 93.33333333333333, 93.33333333333333, 96.66666666666667, 89.44444444444444, 96.11111111111111, 96.11111111111111, 96.66666666666667, 94.44444444444444, 93.33333333333333, 98.88888888888889]
recall list: [84.2, 34.1, 79.9, 59.0, 82.19999999999999, 79.0, 88.4, 85.3, 66.4, 80.9, 79.60000000000001, 80.80000000000001, 86.9, 86.7, 94.39999999999999, 7.3999999999999995, 72.89999999999999, 66.5, 72.3, 88.1, 77.7, 93.10000000000001, 56.599999999999994, 92.80000000000001, 67.9, 65.10000000000001, 56.2, 20.7, 84.5, 32.800000000000004]
far list: [15.8, 65.9, 20.1, 41.0, 17.8, 21.0, 11.600000000000001, 14.7, 33.6, 19.1, 20.4, 19.2, 13.100000000000001, 13.3, 5.6000000000000005, 92.60000000000001, 27.1, 33.5, 27.700000000000003, 11.899999999999999, 22.3, 6.9, 43.4, 7.199999999999999, 32.1, 34.9, 43.8, 79.3, 15.5, 67.2]
frr list: [6.111111111111111, 0.0, 4.444444444444445, 0.5555555555555556, 2.2222222222222223, 6.666666666666667, 6.666666666666667, 7.222222222222221, 1.6666666666666667, 5.0, 3.888888888888889, 6.666666666666667, 7.777777777777778, 3.888888888888889, 6.666666666666667, 0.0, 5.555555555555555, 3.888888888888889, 5.555555555555555, 12.222222222222221, 6.666666666666667, 6.666666666666667, 2.7777777777777777, 10.555555555555555, 3.888888888888889, 2.7777777777777777, 2.7777777777777777, 2.2222222222222223, 6.666666666666667, 1.1111111111111112]


classifier: svm
method: oos-threshold
dataset_size: data_small
30 times random select 9 intents
accuracy: 95.6
recall: 67.8
far: 32.2
frr: 3.6
accuracy list: [95.18518518518519, 95.55555555555556, 97.4074074074074, 94.81481481481482, 97.03703703703704, 93.33333333333333, 94.81481481481482, 95.18518518518519, 99.62962962962963, 99.62962962962963, 95.92592592592592, 94.44444444444444, 94.44444444444444, 87.4074074074074, 95.92592592592592, 94.44444444444444, 94.44444444444444, 95.92592592592592, 94.07407407407408, 96.66666666666667, 94.44444444444444, 94.44444444444444, 96.29629629629629, 97.4074074074074, 96.66666666666667, 92.96296296296296, 97.4074074074074, 96.66666666666667, 97.4074074074074, 97.03703703703704]
recall list: [86.6, 88.9, 80.60000000000001, 75.4, 82.69999999999999, 79.4, 74.4, 78.5, 2.5, 66.8, 69.39999999999999, 83.89999999999999, 92.2, 93.7, 69.0, 50.9, 89.4, 90.0, 67.7, 56.89999999999999, 41.699999999999996, 68.5, 38.3, 67.9, 70.7, 82.0, 70.8, 3.5999999999999996, 78.10000000000001, 33.900000000000006]
far list: [13.4, 11.1, 19.400000000000002, 24.6, 17.299999999999997, 20.599999999999998, 25.6, 21.5, 97.5, 33.2, 30.599999999999998, 16.1, 7.8, 6.3, 31.0, 49.1, 10.6, 10.0, 32.300000000000004, 43.1, 58.3, 31.5, 61.7, 32.1, 29.299999999999997, 18.0, 29.2, 96.39999999999999, 21.9, 66.10000000000001]
frr list: [4.074074074074074, 2.9629629629629632, 1.8518518518518516, 5.185185185185185, 2.5925925925925926, 4.814814814814815, 4.074074074074074, 3.7037037037037033, 0.0, 0.3703703703703704, 2.9629629629629632, 5.185185185185185, 5.555555555555555, 12.592592592592592, 3.3333333333333335, 3.3333333333333335, 4.814814814814815, 3.7037037037037033, 5.185185185185185, 1.8518518518518516, 3.3333333333333335, 5.185185185185185, 1.4814814814814816, 2.2222222222222223, 2.9629629629629632, 6.666666666666667, 2.5925925925925926, 0.0, 2.5925925925925926, 1.4814814814814816]


classifier: svm
method: oos-threshold
dataset_size: data_small
30 times random select 12 intents
accuracy: 94.7
recall: 65.6
far: 34.4
frr: 4.0
accuracy list: [96.11111111111111, 93.61111111111111, 95.55555555555556, 95.83333333333334, 95.0, 93.88888888888889, 96.66666666666667, 96.11111111111111, 94.72222222222221, 93.61111111111111, 93.61111111111111, 93.61111111111111, 94.16666666666667, 91.11111111111111, 93.88888888888889, 96.66666666666667, 96.38888888888889, 96.66666666666667, 94.72222222222221, 93.88888888888889, 98.33333333333333, 94.72222222222221, 94.72222222222221, 94.16666666666667, 89.44444444444444, 94.72222222222221, 93.05555555555556, 97.5, 94.72222222222221, 94.44444444444444]
recall list: [75.7, 79.3, 37.9, 59.699999999999996, 53.1, 69.6, 69.19999999999999, 49.3, 75.4, 80.60000000000001, 84.2, 63.4, 49.1, 64.1, 84.8, 55.900000000000006, 51.6, 64.7, 75.7, 73.7, 53.7, 71.5, 78.2, 62.1, 70.8, 67.5, 81.8, 48.0, 58.9, 59.3]
far list: [24.3, 20.7, 62.1, 40.300000000000004, 46.9, 30.4, 30.8, 50.7, 24.6, 19.400000000000002, 15.8, 36.6, 50.9, 35.9, 15.2, 44.1, 48.4, 35.3, 24.3, 26.3, 46.300000000000004, 28.499999999999996, 21.8, 37.9, 29.2, 32.5, 18.2, 52.0, 41.099999999999994, 40.699999999999996]
frr list: [2.5, 6.111111111111111, 1.3888888888888888, 3.6111111111111107, 1.3888888888888888, 4.722222222222222, 2.2222222222222223, 2.5, 5.277777777777778, 6.388888888888888, 5.833333333333333, 4.166666666666666, 1.1111111111111112, 7.5, 6.111111111111111, 2.7777777777777777, 1.6666666666666667, 3.0555555555555554, 3.0555555555555554, 5.833333333333333, 1.6666666666666667, 3.888888888888889, 4.166666666666666, 3.888888888888889, 7.5, 3.6111111111111107, 6.388888888888888, 1.6666666666666667, 4.722222222222222, 4.166666666666666]


classifier: svm
method: oos-threshold
dataset_size: data_imbalanced
30 times random select 3 intents
accuracy: 94.0
recall: 68.4
far: 31.6
frr: 5.8
accuracy list: [94.44444444444444, 100.0, 100.0, 70.0, 96.66666666666667, 94.44444444444444, 87.77777777777777, 77.77777777777779, 100.0, 92.22222222222223, 96.66666666666667, 97.77777777777777, 96.66666666666667, 94.44444444444444, 100.0, 92.22222222222223, 100.0, 93.33333333333333, 92.22222222222223, 100.0, 97.77777777777777, 85.55555555555556, 98.88888888888889, 91.11111111111111, 92.22222222222223, 96.66666666666667, 92.22222222222223, 96.66666666666667, 98.88888888888889, 92.22222222222223]
recall list: [79.4, 75.1, 45.6, 94.19999999999999, 95.39999999999999, 35.0, 90.8, 96.7, 66.3, 93.30000000000001, 94.8, 68.60000000000001, 65.3, 76.6, 1.0999999999999999, 70.5, 4.9, 96.89999999999999, 90.3, 28.799999999999997, 71.3, 93.2, 51.5, 94.6, 87.0, 81.3, 86.0, 3.8, 29.2, 83.2]
far list: [20.599999999999998, 24.9, 54.400000000000006, 5.800000000000001, 4.6, 65.0, 9.2, 3.3000000000000003, 33.7, 6.7, 5.2, 31.4, 34.699999999999996, 23.400000000000002, 98.9, 29.5, 95.1, 3.1, 9.700000000000001, 71.2, 28.7, 6.800000000000001, 48.5, 5.4, 13.0, 18.7, 14.000000000000002, 96.2, 70.8, 16.8]
frr list: [5.555555555555555, 0.0, 0.0, 30.0, 3.3333333333333335, 5.555555555555555, 12.222222222222221, 22.22222222222222, 0.0, 7.777777777777778, 3.3333333333333335, 2.2222222222222223, 2.2222222222222223, 5.555555555555555, 0.0, 7.777777777777778, 0.0, 6.666666666666667, 7.777777777777778, 0.0, 2.2222222222222223, 14.444444444444443, 1.1111111111111112, 8.88888888888889, 7.777777777777778, 2.2222222222222223, 7.777777777777778, 0.0, 0.0, 7.777777777777778]


classifier: svm
method: oos-threshold
dataset_size: data_imbalanced
30 times random select 6 intents
accuracy: 95.9
recall: 56.9
far: 43.1
frr: 3.6
accuracy list: [96.11111111111111, 99.44444444444444, 93.88888888888889, 98.33333333333333, 89.44444444444444, 96.11111111111111, 92.77777777777779, 97.22222222222221, 93.88888888888889, 94.44444444444444, 98.33333333333333, 98.33333333333333, 98.33333333333333, 97.77777777777777, 97.22222222222221, 98.33333333333333, 94.44444444444444, 96.66666666666667, 93.88888888888889, 98.88888888888889, 93.88888888888889, 95.0, 100.0, 98.88888888888889, 94.44444444444444, 97.77777777777777, 97.77777777777777, 95.0, 91.66666666666666, 90.0]
recall list: [71.2, 67.60000000000001, 80.5, 74.0, 45.9, 63.9, 75.9, 38.9, 65.0, 61.8, 31.1, 10.2, 1.0, 58.4, 63.7, 17.599999999999998, 82.6, 61.5, 89.2, 42.9, 70.6, 84.6, 9.0, 37.0, 93.4, 66.8, 18.6, 51.800000000000004, 94.1, 79.7]
far list: [28.799999999999997, 32.4, 19.5, 26.0, 54.1, 36.1, 24.099999999999998, 61.1, 35.0, 38.2, 68.89999999999999, 89.8, 99.0, 41.6, 36.3, 82.39999999999999, 17.4, 38.5, 10.8, 57.099999999999994, 29.4, 15.4, 91.0, 63.0, 6.6000000000000005, 33.2, 81.39999999999999, 48.199999999999996, 5.8999999999999995, 20.3]
frr list: [3.3333333333333335, 0.5555555555555556, 6.111111111111111, 1.1111111111111112, 9.444444444444445, 3.3333333333333335, 6.666666666666667, 2.2222222222222223, 5.555555555555555, 5.0, 1.1111111111111112, 0.0, 0.0, 1.6666666666666667, 2.7777777777777777, 0.0, 5.555555555555555, 3.3333333333333335, 6.111111111111111, 1.1111111111111112, 6.111111111111111, 5.0, 0.0, 0.0, 5.555555555555555, 1.6666666666666667, 1.6666666666666667, 5.0, 8.333333333333332, 9.444444444444445]


classifier: svm
method: oos-threshold
dataset_size: data_imbalanced
30 times random select 9 intents
accuracy: 95.5
recall: 61.8
far: 38.2
frr: 3.6
accuracy list: [97.77777777777777, 95.55555555555556, 96.66666666666667, 93.7037037037037, 95.55555555555556, 97.03703703703704, 94.07407407407408, 98.88888888888889, 97.03703703703704, 96.66666666666667, 92.5925925925926, 93.7037037037037, 91.85185185185185, 96.29629629629629, 96.29629629629629, 92.96296296296296, 93.7037037037037, 98.14814814814815, 96.66666666666667, 93.7037037037037, 95.55555555555556, 97.4074074074074, 92.5925925925926, 91.85185185185185, 98.51851851851852, 96.29629629629629, 98.88888888888889, 94.07407407407408, 93.7037037037037, 98.14814814814815]
recall list: [27.500000000000004, 58.9, 74.8, 72.0, 71.5, 53.0, 64.2, 57.3, 79.4, 45.1, 50.5, 65.3, 78.3, 62.6, 41.9, 81.5, 76.9, 68.5, 67.60000000000001, 58.699999999999996, 65.5, 70.3, 65.4, 60.199999999999996, 11.600000000000001, 54.2, 82.69999999999999, 71.2, 75.2, 43.6]
far list: [72.5, 41.099999999999994, 25.2, 28.000000000000004, 28.499999999999996, 47.0, 35.8, 42.699999999999996, 20.599999999999998, 54.900000000000006, 49.5, 34.699999999999996, 21.7, 37.4, 58.099999999999994, 18.5, 23.1, 31.5, 32.4, 41.3, 34.5, 29.7, 34.599999999999994, 39.800000000000004, 88.4, 45.800000000000004, 17.299999999999997, 28.799999999999997, 24.8, 56.39999999999999]
frr list: [1.4814814814814816, 4.074074074074074, 2.5925925925925926, 5.555555555555555, 2.9629629629629632, 1.8518518518518516, 4.814814814814815, 1.1111111111111112, 2.2222222222222223, 2.2222222222222223, 5.555555555555555, 5.555555555555555, 7.777777777777778, 2.9629629629629632, 1.8518518518518516, 7.037037037037037, 6.296296296296296, 1.1111111111111112, 2.2222222222222223, 4.814814814814815, 3.3333333333333335, 2.2222222222222223, 6.666666666666667, 6.296296296296296, 0.3703703703703704, 1.1111111111111112, 1.1111111111111112, 5.9259259259259265, 5.555555555555555, 1.1111111111111112]


classifier: svm
method: oos-threshold
dataset_size: data_imbalanced
30 times random select 12 intents
accuracy: 95.0
recall: 58.1
far: 41.9
frr: 3.8
accuracy list: [95.55555555555556, 93.05555555555556, 93.61111111111111, 99.16666666666667, 96.94444444444444, 96.38888888888889, 96.38888888888889, 96.66666666666667, 94.44444444444444, 94.16666666666667, 86.94444444444444, 96.38888888888889, 94.16666666666667, 91.38888888888889, 93.61111111111111, 96.94444444444444, 98.05555555555556, 97.77777777777777, 96.94444444444444, 96.11111111111111, 94.16666666666667, 98.05555555555556, 94.44444444444444, 92.22222222222223, 90.0, 95.27777777777777, 95.27777777777777, 93.61111111111111, 96.94444444444444, 94.44444444444444]
recall list: [72.39999999999999, 70.7, 54.6, 7.1, 3.0, 77.60000000000001, 50.1, 59.3, 63.6, 82.69999999999999, 80.9, 53.2, 66.8, 82.6, 76.7, 41.199999999999996, 52.900000000000006, 73.4, 55.800000000000004, 71.39999999999999, 0.3, 76.8, 57.599999999999994, 61.7, 77.7, 43.5, 59.3, 83.6, 1.4000000000000001, 85.8]
far list: [27.6, 29.299999999999997, 45.4, 92.9, 97.0, 22.400000000000002, 49.9, 40.699999999999996, 36.4, 17.299999999999997, 19.1, 46.800000000000004, 33.2, 17.4, 23.3, 58.8, 47.099999999999994, 26.6, 44.2, 28.599999999999998, 99.7, 23.200000000000003, 42.4, 38.3, 22.3, 56.49999999999999, 40.699999999999996, 16.400000000000002, 98.6, 14.2]
frr list: [3.888888888888889, 6.388888888888888, 4.166666666666666, 0.0, 0.2777777777777778, 3.0555555555555554, 2.5, 2.7777777777777777, 3.3333333333333335, 5.555555555555555, 12.222222222222221, 1.9444444444444444, 4.166666666666666, 5.277777777777778, 5.833333333333333, 1.6666666666666667, 1.1111111111111112, 2.2222222222222223, 2.5, 3.6111111111111107, 0.0, 1.3888888888888888, 4.722222222222222, 7.5, 9.166666666666666, 2.5, 3.888888888888889, 6.111111111111111, 0.0, 5.277777777777778]


