classifier: svm
method: oos-train
dataset_size: data_full
30 times random select 3 intents
accuracy: 97.9
recall: 86.8
far: 13.2
frr: 1.9
accuracy list: [98.88888888888889, 96.66666666666667, 100.0, 98.88888888888889, 100.0, 97.77777777777777, 97.77777777777777, 98.88888888888889, 98.88888888888889, 98.88888888888889, 96.66666666666667, 98.88888888888889, 100.0, 100.0, 95.55555555555556, 90.0, 100.0, 98.88888888888889, 100.0, 94.44444444444444, 96.66666666666667, 97.77777777777777, 98.88888888888889, 98.88888888888889, 96.66666666666667, 97.77777777777777, 98.88888888888889, 97.77777777777777, 94.44444444444444, 98.88888888888889]
recall list: [87.1, 81.89999999999999, 90.10000000000001, 91.10000000000001, 89.2, 87.0, 88.2, 81.8, 93.5, 74.6, 86.8, 85.5, 89.3, 71.2, 92.5, 95.39999999999999, 86.1, 91.0, 88.4, 86.6, 83.1, 86.8, 86.6, 87.0, 89.0, 90.3, 88.2, 85.7, 79.0, 89.9]
far list: [12.9, 18.099999999999998, 9.9, 8.9, 10.8, 13.0, 11.799999999999999, 18.2, 6.5, 25.4, 13.200000000000001, 14.499999999999998, 10.7, 28.799999999999997, 7.5, 4.6, 13.900000000000002, 9.0, 11.600000000000001, 13.4, 16.900000000000002, 13.200000000000001, 13.4, 13.0, 11.0, 9.700000000000001, 11.799999999999999, 14.299999999999999, 21.0, 10.100000000000001]
frr list: [1.1111111111111112, 3.3333333333333335, 0.0, 1.1111111111111112, 0.0, 2.2222222222222223, 2.2222222222222223, 1.1111111111111112, 0.0, 1.1111111111111112, 3.3333333333333335, 1.1111111111111112, 0.0, 0.0, 4.444444444444445, 8.88888888888889, 0.0, 1.1111111111111112, 0.0, 1.1111111111111112, 3.3333333333333335, 2.2222222222222223, 1.1111111111111112, 1.1111111111111112, 3.3333333333333335, 2.2222222222222223, 1.1111111111111112, 2.2222222222222223, 5.555555555555555, 1.1111111111111112]


classifier: svm
method: oos-train
dataset_size: data_full
30 times random select 6 intents
accuracy: 97.5
recall: 81.2
far: 18.8
frr: 2.1
accuracy list: [96.11111111111111, 96.66666666666667, 98.88888888888889, 98.88888888888889, 97.22222222222221, 97.22222222222221, 96.66666666666667, 97.22222222222221, 98.33333333333333, 97.77777777777777, 97.77777777777777, 98.33333333333333, 97.77777777777777, 98.33333333333333, 96.66666666666667, 97.22222222222221, 98.88888888888889, 98.88888888888889, 98.88888888888889, 97.77777777777777, 96.66666666666667, 95.55555555555556, 98.88888888888889, 98.33333333333333, 98.88888888888889, 97.77777777777777, 96.66666666666667, 95.55555555555556, 97.22222222222221, 94.44444444444444]
recall list: [76.3, 88.2, 83.0, 89.60000000000001, 77.10000000000001, 77.4, 83.7, 87.6, 79.60000000000001, 84.7, 82.3, 76.1, 78.8, 79.80000000000001, 85.2, 77.2, 84.1, 81.0, 82.89999999999999, 83.6, 87.8, 75.3, 82.0, 81.8, 80.80000000000001, 85.1, 78.5, 72.8, 81.10000000000001, 71.1]
far list: [23.7, 11.799999999999999, 17.0, 10.4, 22.900000000000002, 22.6, 16.3, 12.4, 20.4, 15.299999999999999, 17.7, 23.9, 21.2, 20.200000000000003, 14.799999999999999, 22.8, 15.9, 19.0, 17.1, 16.400000000000002, 12.2, 24.7, 18.0, 18.2, 19.2, 14.899999999999999, 21.5, 27.200000000000003, 18.9, 28.9]
frr list: [3.3333333333333335, 3.3333333333333335, 1.1111111111111112, 1.1111111111111112, 2.2222222222222223, 1.6666666666666667, 3.3333333333333335, 1.6666666666666667, 1.1111111111111112, 1.6666666666666667, 1.6666666666666667, 1.1111111111111112, 2.2222222222222223, 0.5555555555555556, 1.1111111111111112, 1.6666666666666667, 0.5555555555555556, 1.1111111111111112, 0.5555555555555556, 2.2222222222222223, 2.7777777777777777, 4.444444444444445, 1.1111111111111112, 1.6666666666666667, 0.5555555555555556, 1.6666666666666667, 3.3333333333333335, 4.444444444444445, 2.7777777777777777, 5.555555555555555]


classifier: svm
method: oos-train
dataset_size: data_full
30 times random select 9 intents
accuracy: 96.8
recall: 76.6
far: 23.4
frr: 2.2
accuracy list: [96.66666666666667, 97.03703703703704, 97.03703703703704, 98.51851851851852, 99.25925925925925, 97.77777777777777, 94.81481481481482, 96.66666666666667, 95.92592592592592, 98.88888888888889, 92.96296296296296, 98.51851851851852, 95.18518518518519, 94.81481481481482, 96.29629629629629, 97.4074074074074, 97.4074074074074, 98.51851851851852, 98.51851851851852, 94.44444444444444, 96.29629629629629, 97.77777777777777, 97.4074074074074, 98.14814814814815, 95.18518518518519, 97.4074074074074, 98.51851851851852, 99.25925925925925, 93.7037037037037, 94.44444444444444]
recall list: [73.3, 81.5, 75.8, 88.5, 81.0, 80.60000000000001, 73.9, 80.0, 78.10000000000001, 65.5, 64.4, 78.3, 68.2, 79.2, 74.8, 83.89999999999999, 72.0, 75.4, 73.2, 82.5, 81.0, 75.1, 66.7, 81.6, 81.10000000000001, 73.1, 78.3, 75.6, 76.4, 78.4]
far list: [26.700000000000003, 18.5, 24.2, 11.5, 19.0, 19.400000000000002, 26.1, 20.0, 21.9, 34.5, 35.6, 21.7, 31.8, 20.8, 25.2, 16.1, 28.000000000000004, 24.6, 26.8, 17.5, 19.0, 24.9, 33.300000000000004, 18.4, 18.9, 26.900000000000002, 21.7, 24.4, 23.599999999999998, 21.6]
frr list: [2.5925925925925926, 1.1111111111111112, 2.2222222222222223, 1.1111111111111112, 0.7407407407407408, 1.1111111111111112, 2.5925925925925926, 3.3333333333333335, 4.074074074074074, 1.1111111111111112, 6.666666666666667, 0.7407407407407408, 2.5925925925925926, 2.5925925925925926, 2.2222222222222223, 2.5925925925925926, 1.4814814814814816, 0.7407407407407408, 0.7407407407407408, 4.074074074074074, 3.3333333333333335, 1.4814814814814816, 1.8518518518518516, 1.4814814814814816, 2.9629629629629632, 1.4814814814814816, 1.4814814814814816, 0.3703703703703704, 3.7037037037037033, 2.5925925925925926]


classifier: svm
method: oos-train
dataset_size: data_full
30 times random select 12 intents
accuracy: 96.7
recall: 73.4
far: 26.6
frr: 2.0
accuracy list: [98.33333333333333, 96.94444444444444, 97.22222222222221, 97.22222222222221, 98.05555555555556, 97.77777777777777, 95.27777777777777, 99.16666666666667, 96.94444444444444, 95.0, 96.66666666666667, 96.94444444444444, 96.11111111111111, 98.61111111111111, 95.83333333333334, 95.27777777777777, 97.5, 96.94444444444444, 96.66666666666667, 97.77777777777777, 97.22222222222221, 97.5, 92.22222222222223, 96.66666666666667, 95.27777777777777, 95.83333333333334, 95.0, 97.22222222222221, 95.83333333333334, 98.88888888888889]
recall list: [79.9, 72.1, 79.60000000000001, 69.5, 75.4, 70.5, 62.4, 74.3, 70.5, 71.3, 74.8, 62.6, 83.8, 77.8, 69.0, 77.3, 76.1, 71.8, 82.1, 64.5, 68.4, 75.8, 71.1, 87.2, 67.7, 69.0, 70.5, 75.5, 78.5, 72.89999999999999]
far list: [20.1, 27.900000000000002, 20.4, 30.5, 24.6, 29.5, 37.6, 25.7, 29.5, 28.7, 25.2, 37.4, 16.2, 22.2, 31.0, 22.7, 23.9, 28.199999999999996, 17.9, 35.5, 31.6, 24.2, 28.9, 12.8, 32.300000000000004, 31.0, 29.5, 24.5, 21.5, 27.1]
frr list: [1.1111111111111112, 1.9444444444444444, 1.9444444444444444, 2.5, 1.6666666666666667, 1.9444444444444444, 3.0555555555555554, 0.2777777777777778, 1.6666666666666667, 3.6111111111111107, 3.3333333333333335, 1.3888888888888888, 1.9444444444444444, 0.8333333333333334, 2.2222222222222223, 4.166666666666666, 1.3888888888888888, 1.6666666666666667, 0.8333333333333334, 1.3888888888888888, 2.2222222222222223, 2.5, 3.3333333333333335, 1.6666666666666667, 2.7777777777777777, 1.6666666666666667, 2.2222222222222223, 2.5, 1.6666666666666667, 0.2777777777777778]


classifier: svm
method: oos-train
dataset_size: data_small
30 times random select 3 intents
accuracy: 96.2
recall: 90.5
far: 9.5
frr: 3.6
accuracy list: [97.77777777777777, 94.44444444444444, 97.77777777777777, 98.88888888888889, 97.77777777777777, 97.77777777777777, 100.0, 88.88888888888889, 96.66666666666667, 96.66666666666667, 92.22222222222223, 98.88888888888889, 91.11111111111111, 95.55555555555556, 91.11111111111111, 97.77777777777777, 90.0, 95.55555555555556, 100.0, 94.44444444444444, 96.66666666666667, 100.0, 90.0, 98.88888888888889, 98.88888888888889, 100.0, 95.55555555555556, 98.88888888888889, 96.66666666666667, 97.77777777777777]
recall list: [88.2, 88.8, 95.6, 94.19999999999999, 85.5, 89.2, 92.10000000000001, 93.4, 91.10000000000001, 92.0, 91.9, 89.9, 94.3, 86.3, 92.80000000000001, 89.9, 90.3, 95.7, 93.89999999999999, 93.2, 86.1, 86.4, 85.1, 91.10000000000001, 90.4, 86.5, 92.7, 95.0, 82.19999999999999, 91.4]
far list: [11.799999999999999, 11.200000000000001, 4.3999999999999995, 5.800000000000001, 14.499999999999998, 10.8, 7.9, 6.6000000000000005, 8.9, 8.0, 8.1, 10.100000000000001, 5.7, 13.700000000000001, 7.199999999999999, 10.100000000000001, 9.700000000000001, 4.3, 6.1, 6.800000000000001, 13.900000000000002, 13.600000000000001, 14.899999999999999, 8.9, 9.6, 13.5, 7.3, 5.0, 17.8, 8.6]
frr list: [2.2222222222222223, 5.555555555555555, 2.2222222222222223, 1.1111111111111112, 2.2222222222222223, 2.2222222222222223, 0.0, 8.88888888888889, 3.3333333333333335, 3.3333333333333335, 7.777777777777778, 1.1111111111111112, 8.88888888888889, 4.444444444444445, 8.88888888888889, 2.2222222222222223, 10.0, 4.444444444444445, 0.0, 4.444444444444445, 3.3333333333333335, 0.0, 10.0, 1.1111111111111112, 1.1111111111111112, 0.0, 3.3333333333333335, 1.1111111111111112, 3.3333333333333335, 2.2222222222222223]


classifier: svm
method: oos-train
dataset_size: data_small
30 times random select 6 intents
accuracy: 95.7
recall: 86.2
far: 13.8
frr: 3.6
accuracy list: [92.77777777777779, 95.55555555555556, 98.33333333333333, 96.11111111111111, 95.0, 91.66666666666666, 95.55555555555556, 96.66666666666667, 97.22222222222221, 95.0, 95.0, 97.77777777777777, 93.33333333333333, 98.33333333333333, 93.33333333333333, 95.0, 94.44444444444444, 95.55555555555556, 95.55555555555556, 96.66666666666667, 96.66666666666667, 97.22222222222221, 98.33333333333333, 97.77777777777777, 98.33333333333333, 91.66666666666666, 97.22222222222221, 96.66666666666667, 91.66666666666666, 96.66666666666667]
recall list: [83.7, 90.3, 87.9, 83.2, 88.6, 79.9, 86.5, 80.60000000000001, 83.39999999999999, 81.69999999999999, 85.8, 89.4, 88.2, 92.7, 86.2, 84.1, 89.1, 75.9, 89.8, 86.7, 84.1, 86.9, 89.3, 89.2, 91.4, 88.2, 86.6, 81.8, 84.2, 90.60000000000001]
far list: [16.3, 9.700000000000001, 12.1, 16.8, 11.4, 20.1, 13.5, 19.400000000000002, 16.6, 18.3, 14.2, 10.6, 11.799999999999999, 7.3, 13.8, 15.9, 10.9, 24.099999999999998, 10.2, 13.3, 15.9, 13.100000000000001, 10.7, 10.8, 8.6, 11.799999999999999, 13.4, 18.2, 15.8, 9.4]
frr list: [7.222222222222221, 4.444444444444445, 1.6666666666666667, 2.7777777777777777, 4.444444444444445, 4.444444444444445, 4.444444444444445, 2.7777777777777777, 1.6666666666666667, 4.444444444444445, 5.0, 1.6666666666666667, 5.0, 1.1111111111111112, 6.666666666666667, 3.888888888888889, 3.3333333333333335, 3.888888888888889, 3.3333333333333335, 2.7777777777777777, 3.3333333333333335, 2.2222222222222223, 1.6666666666666667, 1.1111111111111112, 1.6666666666666667, 6.666666666666667, 2.2222222222222223, 3.3333333333333335, 8.333333333333332, 3.3333333333333335]


classifier: svm
method: oos-train
dataset_size: data_small
30 times random select 9 intents
accuracy: 94.7
recall: 82.4
far: 17.6
frr: 3.9
accuracy list: [94.07407407407408, 92.5925925925926, 97.4074074074074, 97.03703703703704, 92.96296296296296, 93.7037037037037, 95.55555555555556, 93.7037037037037, 93.33333333333333, 96.66666666666667, 97.77777777777777, 94.81481481481482, 97.4074074074074, 89.25925925925927, 93.33333333333333, 91.85185185185185, 95.18518518518519, 95.55555555555556, 96.29629629629629, 94.07407407407408, 97.77777777777777, 96.29629629629629, 93.33333333333333, 92.5925925925926, 95.92592592592592, 95.92592592592592, 95.18518518518519, 89.25925925925927, 94.07407407407408, 97.03703703703704]
recall list: [79.4, 72.1, 84.2, 81.89999999999999, 83.0, 84.39999999999999, 83.1, 83.2, 86.1, 81.5, 76.3, 82.19999999999999, 88.4, 80.30000000000001, 85.3, 79.80000000000001, 83.8, 86.6, 76.2, 85.3, 79.60000000000001, 76.3, 84.8, 82.8, 78.2, 86.5, 84.3, 78.4, 91.0, 86.5]
far list: [20.599999999999998, 27.900000000000002, 15.8, 18.099999999999998, 17.0, 15.6, 16.900000000000002, 16.8, 13.900000000000002, 18.5, 23.7, 17.8, 11.600000000000001, 19.7, 14.7, 20.200000000000003, 16.2, 13.4, 23.799999999999997, 14.7, 20.4, 23.7, 15.2, 17.2, 21.8, 13.5, 15.7, 21.6, 9.0, 13.5]
frr list: [5.9259259259259265, 5.185185185185185, 2.2222222222222223, 1.8518518518518516, 5.185185185185185, 5.9259259259259265, 3.7037037037037033, 5.9259259259259265, 4.074074074074074, 2.9629629629629632, 1.4814814814814816, 3.7037037037037033, 2.2222222222222223, 7.4074074074074066, 3.7037037037037033, 6.296296296296296, 2.9629629629629632, 2.2222222222222223, 3.7037037037037033, 3.7037037037037033, 1.4814814814814816, 3.7037037037037033, 5.185185185185185, 5.9259259259259265, 1.1111111111111112, 2.2222222222222223, 3.3333333333333335, 6.666666666666667, 4.074074074074074, 2.5925925925925926]


classifier: svm
method: oos-train
dataset_size: data_small
30 times random select 12 intents
accuracy: 95.4
recall: 79.5
far: 20.5
frr: 3.2
accuracy list: [95.83333333333334, 96.11111111111111, 94.44444444444444, 96.11111111111111, 96.38888888888889, 95.83333333333334, 95.55555555555556, 96.38888888888889, 96.66666666666667, 96.38888888888889, 95.83333333333334, 98.05555555555556, 95.55555555555556, 92.22222222222223, 97.22222222222221, 94.44444444444444, 94.16666666666667, 94.72222222222221, 96.94444444444444, 96.11111111111111, 91.66666666666666, 98.61111111111111, 95.27777777777777, 93.88888888888889, 95.27777777777777, 96.94444444444444, 91.94444444444444, 95.0, 92.77777777777779, 96.38888888888889]
recall list: [85.39999999999999, 76.4, 82.19999999999999, 71.39999999999999, 84.3, 75.1, 71.1, 85.9, 75.1, 80.80000000000001, 79.7, 71.39999999999999, 74.4, 82.1, 86.2, 72.2, 76.2, 85.39999999999999, 83.3, 80.0, 76.7, 82.39999999999999, 84.0, 87.6, 75.5, 79.10000000000001, 78.10000000000001, 84.6, 81.5, 75.9]
far list: [14.6, 23.599999999999998, 17.8, 28.599999999999998, 15.7, 24.9, 28.9, 14.099999999999998, 24.9, 19.2, 20.3, 28.599999999999998, 25.6, 17.9, 13.8, 27.800000000000004, 23.799999999999997, 14.6, 16.7, 20.0, 23.3, 17.599999999999998, 16.0, 12.4, 24.5, 20.9, 21.9, 15.4, 18.5, 24.099999999999998]
frr list: [3.888888888888889, 2.7777777777777777, 2.5, 3.3333333333333335, 2.7777777777777777, 3.0555555555555554, 3.0555555555555554, 1.6666666666666667, 2.5, 1.3888888888888888, 3.0555555555555554, 1.1111111111111112, 3.0555555555555554, 5.833333333333333, 2.2222222222222223, 3.3333333333333335, 3.888888888888889, 3.888888888888889, 2.2222222222222223, 2.2222222222222223, 3.6111111111111107, 0.8333333333333334, 4.444444444444445, 5.555555555555555, 3.888888888888889, 2.7777777777777777, 5.277777777777778, 4.166666666666666, 5.0, 2.5]


classifier: svm
method: oos-train
dataset_size: data_imbalanced
30 times random select 3 intents
accuracy: 96.6
recall: 88.9
far: 11.1
frr: 3.1
accuracy list: [97.77777777777777, 98.88888888888889, 98.88888888888889, 98.88888888888889, 98.88888888888889, 100.0, 91.11111111111111, 100.0, 98.88888888888889, 98.88888888888889, 92.22222222222223, 93.33333333333333, 100.0, 95.55555555555556, 96.66666666666667, 97.77777777777777, 95.55555555555556, 98.88888888888889, 94.44444444444444, 91.11111111111111, 98.88888888888889, 95.55555555555556, 91.11111111111111, 95.55555555555556, 97.77777777777777, 98.88888888888889, 97.77777777777777, 92.22222222222223, 97.77777777777777, 95.55555555555556]
recall list: [91.5, 90.2, 92.7, 93.30000000000001, 90.0, 92.0, 93.8, 87.8, 91.3, 89.3, 91.7, 93.10000000000001, 86.6, 83.1, 84.3, 93.89999999999999, 85.8, 84.1, 86.8, 85.5, 88.2, 87.1, 94.19999999999999, 82.0, 87.7, 90.9, 85.5, 87.9, 96.0, 79.9]
far list: [8.5, 9.8, 7.3, 6.7, 10.0, 8.0, 6.2, 12.2, 8.7, 10.7, 8.3, 6.9, 13.4, 16.900000000000002, 15.7, 6.1, 14.2, 15.9, 13.200000000000001, 14.499999999999998, 11.799999999999999, 12.9, 5.800000000000001, 18.0, 12.3, 9.1, 14.499999999999998, 12.1, 4.0, 20.1]
frr list: [2.2222222222222223, 1.1111111111111112, 1.1111111111111112, 1.1111111111111112, 1.1111111111111112, 0.0, 8.88888888888889, 0.0, 1.1111111111111112, 1.1111111111111112, 6.666666666666667, 5.555555555555555, 0.0, 4.444444444444445, 3.3333333333333335, 2.2222222222222223, 4.444444444444445, 1.1111111111111112, 5.555555555555555, 8.88888888888889, 1.1111111111111112, 4.444444444444445, 7.777777777777778, 4.444444444444445, 1.1111111111111112, 1.1111111111111112, 2.2222222222222223, 5.555555555555555, 2.2222222222222223, 4.444444444444445]


classifier: svm
method: oos-train
dataset_size: data_imbalanced
30 times random select 6 intents
accuracy: 96.4
recall: 83.0
far: 17.0
frr: 2.9
accuracy list: [94.44444444444444, 95.0, 97.22222222222221, 94.44444444444444, 97.22222222222221, 95.55555555555556, 99.44444444444444, 95.0, 97.22222222222221, 93.33333333333333, 98.88888888888889, 98.88888888888889, 97.22222222222221, 96.66666666666667, 95.0, 97.22222222222221, 95.0, 96.11111111111111, 95.0, 98.88888888888889, 98.33333333333333, 96.11111111111111, 97.77777777777777, 96.11111111111111, 94.44444444444444, 94.44444444444444, 97.22222222222221, 95.55555555555556, 97.22222222222221, 96.66666666666667]
recall list: [83.3, 83.0, 82.5, 82.19999999999999, 86.4, 75.8, 87.3, 80.30000000000001, 92.30000000000001, 71.8, 86.5, 79.10000000000001, 85.9, 79.80000000000001, 81.3, 79.9, 90.4, 88.2, 89.3, 81.6, 83.39999999999999, 83.39999999999999, 80.80000000000001, 87.3, 83.2, 77.0, 82.19999999999999, 85.1, 82.5, 78.10000000000001]
far list: [16.7, 17.0, 17.5, 17.8, 13.600000000000001, 24.2, 12.7, 19.7, 7.7, 28.199999999999996, 13.5, 20.9, 14.099999999999998, 20.200000000000003, 18.7, 20.1, 9.6, 11.799999999999999, 10.7, 18.4, 16.6, 16.6, 19.2, 12.7, 16.8, 23.0, 17.8, 14.899999999999999, 17.5, 21.9]
frr list: [2.7777777777777777, 4.444444444444445, 2.2222222222222223, 3.888888888888889, 2.7777777777777777, 4.444444444444445, 0.5555555555555556, 2.7777777777777777, 2.7777777777777777, 6.111111111111111, 0.5555555555555556, 0.5555555555555556, 2.7777777777777777, 2.7777777777777777, 5.0, 1.6666666666666667, 1.6666666666666667, 3.888888888888889, 4.444444444444445, 0.5555555555555556, 0.5555555555555556, 3.3333333333333335, 2.2222222222222223, 3.888888888888889, 3.888888888888889, 4.444444444444445, 2.2222222222222223, 4.444444444444445, 2.7777777777777777, 3.3333333333333335]


classifier: svm
method: oos-train
dataset_size: data_imbalanced
30 times random select 9 intents
accuracy: 96.6
recall: 78.6
far: 21.4
frr: 2.6
accuracy list: [93.33333333333333, 98.14814814814815, 94.07407407407408, 94.81481481481482, 93.33333333333333, 98.51851851851852, 97.4074074074074, 97.4074074074074, 97.77777777777777, 95.92592592592592, 99.25925925925925, 96.66666666666667, 98.51851851851852, 97.77777777777777, 98.51851851851852, 95.92592592592592, 96.66666666666667, 94.44444444444444, 98.88888888888889, 94.07407407407408, 96.66666666666667, 97.77777777777777, 97.4074074074074, 95.92592592592592, 96.66666666666667, 97.4074074074074, 92.96296296296296, 96.29629629629629, 97.03703703703704, 97.03703703703704]
recall list: [86.4, 83.0, 79.7, 81.6, 80.30000000000001, 74.2, 86.3, 81.8, 77.5, 74.0, 80.10000000000001, 77.2, 76.7, 86.2, 75.2, 71.8, 74.9, 81.8, 72.8, 74.1, 79.10000000000001, 77.60000000000001, 76.6, 77.7, 80.80000000000001, 76.1, 82.69999999999999, 73.1, 88.9, 70.8]
far list: [13.600000000000001, 17.0, 20.3, 18.4, 19.7, 25.8, 13.700000000000001, 18.2, 22.5, 26.0, 19.900000000000002, 22.8, 23.3, 13.8, 24.8, 28.199999999999996, 25.1, 18.2, 27.200000000000003, 25.900000000000002, 20.9, 22.400000000000002, 23.400000000000002, 22.3, 19.2, 23.9, 17.299999999999997, 26.900000000000002, 11.1, 29.2]
frr list: [5.185185185185185, 1.8518518518518516, 3.7037037037037033, 4.814814814814815, 5.185185185185185, 1.1111111111111112, 1.4814814814814816, 1.4814814814814816, 1.8518518518518516, 3.3333333333333335, 0.7407407407407408, 2.9629629629629632, 1.1111111111111112, 1.8518518518518516, 1.1111111111111112, 1.8518518518518516, 2.5925925925925926, 2.9629629629629632, 1.1111111111111112, 5.555555555555555, 2.9629629629629632, 1.8518518518518516, 1.8518518518518516, 2.5925925925925926, 1.8518518518518516, 1.1111111111111112, 5.555555555555555, 2.5925925925925926, 2.5925925925925926, 2.2222222222222223]


classifier: svm
method: oos-train
dataset_size: data_imbalanced
30 times random select 12 intents
accuracy: 95.4
recall: 75.0
far: 25.0
frr: 2.8
accuracy list: [91.11111111111111, 96.38888888888889, 94.16666666666667, 94.72222222222221, 97.5, 97.77777777777777, 97.5, 96.38888888888889, 94.16666666666667, 96.38888888888889, 95.0, 96.66666666666667, 93.61111111111111, 96.66666666666667, 96.94444444444444, 96.38888888888889, 96.11111111111111, 94.44444444444444, 95.0, 97.22222222222221, 96.11111111111111, 95.27777777777777, 95.0, 95.0, 93.33333333333333, 94.72222222222221, 91.94444444444444, 94.72222222222221, 96.66666666666667, 96.38888888888889]
recall list: [73.4, 77.10000000000001, 68.89999999999999, 71.89999999999999, 75.3, 84.5, 82.39999999999999, 77.8, 76.1, 80.30000000000001, 71.2, 69.0, 74.7, 68.4, 68.4, 75.1, 71.5, 69.39999999999999, 77.0, 79.0, 76.3, 77.9, 73.6, 77.0, 66.3, 81.10000000000001, 79.9, 75.5, 75.2, 76.0]
far list: [26.6, 22.900000000000002, 31.1, 28.1, 24.7, 15.5, 17.599999999999998, 22.2, 23.9, 19.7, 28.799999999999997, 31.0, 25.3, 31.6, 31.6, 24.9, 28.499999999999996, 30.599999999999998, 23.0, 21.0, 23.7, 22.1, 26.400000000000002, 23.0, 33.7, 18.9, 20.1, 24.5, 24.8, 24.0]
frr list: [2.7777777777777777, 1.6666666666666667, 4.722222222222222, 3.888888888888889, 2.2222222222222223, 1.6666666666666667, 1.9444444444444444, 2.7777777777777777, 2.7777777777777777, 3.0555555555555554, 1.9444444444444444, 2.7777777777777777, 3.0555555555555554, 2.5, 1.3888888888888888, 2.2222222222222223, 2.2222222222222223, 3.888888888888889, 3.888888888888889, 1.9444444444444444, 3.3333333333333335, 1.6666666666666667, 3.888888888888889, 2.7777777777777777, 3.6111111111111107, 2.5, 5.277777777777778, 1.9444444444444444, 3.0555555555555554, 2.7777777777777777]


classifier: svm
method: oos-train
dataset_size: data_oos_plus
30 times random select 3 intents
accuracy: 95.1
recall: 95.4
far: 4.6
frr: 4.6
accuracy list: [94.44444444444444, 83.33333333333334, 97.77777777777777, 96.66666666666667, 100.0, 95.55555555555556, 90.0, 91.11111111111111, 98.88888888888889, 88.88888888888889, 100.0, 91.11111111111111, 88.88888888888889, 97.77777777777777, 95.55555555555556, 97.77777777777777, 94.44444444444444, 97.77777777777777, 87.77777777777777, 98.88888888888889, 97.77777777777777, 98.88888888888889, 91.11111111111111, 100.0, 94.44444444444444, 98.88888888888889, 94.44444444444444, 97.77777777777777, 98.88888888888889, 95.55555555555556]
recall list: [94.6, 93.2, 97.5, 95.5, 95.0, 97.0, 90.4, 93.4, 96.2, 95.1, 96.39999999999999, 93.89999999999999, 96.1, 94.89999999999999, 98.5, 94.6, 94.39999999999999, 97.5, 93.0, 98.3, 95.39999999999999, 98.4, 93.4, 97.8, 93.5, 93.30000000000001, 94.39999999999999, 96.39999999999999, 96.5, 97.1]
far list: [5.4, 6.800000000000001, 2.5, 4.5, 5.0, 3.0, 9.6, 6.6000000000000005, 3.8, 4.9, 3.5999999999999996, 6.1, 3.9, 5.1, 1.5, 5.4, 5.6000000000000005, 2.5, 7.000000000000001, 1.7000000000000002, 4.6, 1.6, 6.6000000000000005, 2.1999999999999997, 6.5, 6.7, 5.6000000000000005, 3.5999999999999996, 3.5000000000000004, 2.9000000000000004]
frr list: [5.555555555555555, 16.666666666666664, 2.2222222222222223, 3.3333333333333335, 0.0, 4.444444444444445, 10.0, 8.88888888888889, 0.0, 11.11111111111111, 0.0, 8.88888888888889, 11.11111111111111, 2.2222222222222223, 3.3333333333333335, 1.1111111111111112, 5.555555555555555, 2.2222222222222223, 8.88888888888889, 1.1111111111111112, 2.2222222222222223, 1.1111111111111112, 8.88888888888889, 0.0, 5.555555555555555, 1.1111111111111112, 5.555555555555555, 2.2222222222222223, 1.1111111111111112, 4.444444444444445]


classifier: svm
method: oos-train
dataset_size: data_oos_plus
30 times random select 6 intents
accuracy: 95.8
recall: 91.4
far: 8.6
frr: 3.8
accuracy list: [91.11111111111111, 97.77777777777777, 96.66666666666667, 97.22222222222221, 97.22222222222221, 98.33333333333333, 95.0, 96.66666666666667, 96.11111111111111, 93.33333333333333, 96.11111111111111, 91.66666666666666, 94.44444444444444, 90.55555555555556, 95.0, 96.11111111111111, 97.22222222222221, 100.0, 93.33333333333333, 97.77777777777777, 95.55555555555556, 98.88888888888889, 96.66666666666667, 96.11111111111111, 95.0, 96.66666666666667, 95.0, 97.22222222222221, 96.66666666666667, 94.44444444444444]
recall list: [93.4, 93.0, 92.2, 89.1, 90.60000000000001, 89.60000000000001, 89.9, 92.7, 90.3, 92.80000000000001, 94.6, 90.60000000000001, 92.9, 92.2, 90.9, 93.5, 84.7, 91.8, 88.8, 87.6, 92.4, 93.60000000000001, 92.80000000000001, 90.3, 86.5, 95.19999999999999, 93.4, 97.5, 88.2, 90.9]
far list: [6.6000000000000005, 7.000000000000001, 7.8, 10.9, 9.4, 10.4, 10.100000000000001, 7.3, 9.700000000000001, 7.199999999999999, 5.4, 9.4, 7.1, 7.8, 9.1, 6.5, 15.299999999999999, 8.200000000000001, 11.200000000000001, 12.4, 7.6, 6.4, 7.199999999999999, 9.700000000000001, 13.5, 4.8, 6.6000000000000005, 2.5, 11.799999999999999, 9.1]
frr list: [7.222222222222221, 1.6666666666666667, 2.2222222222222223, 2.7777777777777777, 2.7777777777777777, 1.6666666666666667, 5.0, 2.7777777777777777, 2.7777777777777777, 6.111111111111111, 3.888888888888889, 8.333333333333332, 4.444444444444445, 9.444444444444445, 4.444444444444445, 3.3333333333333335, 2.7777777777777777, 0.0, 5.555555555555555, 2.2222222222222223, 4.444444444444445, 1.1111111111111112, 3.3333333333333335, 3.888888888888889, 4.444444444444445, 1.6666666666666667, 4.444444444444445, 2.7777777777777777, 2.2222222222222223, 5.0]


classifier: svm
method: oos-train
dataset_size: data_oos_plus
30 times random select 9 intents
accuracy: 95.6
recall: 89.8
far: 10.2
frr: 3.6
accuracy list: [93.7037037037037, 95.18518518518519, 94.44444444444444, 95.92592592592592, 96.29629629629629, 98.51851851851852, 94.81481481481482, 97.03703703703704, 94.81481481481482, 90.0, 97.03703703703704, 95.92592592592592, 91.48148148148148, 96.66666666666667, 97.03703703703704, 96.29629629629629, 93.7037037037037, 98.51851851851852, 94.07407407407408, 98.51851851851852, 93.7037037037037, 94.81481481481482, 95.92592592592592, 98.14814814814815, 97.03703703703704, 95.55555555555556, 96.66666666666667, 95.55555555555556, 95.18518518518519, 95.18518518518519]
recall list: [87.0, 88.8, 90.10000000000001, 90.5, 89.5, 91.10000000000001, 86.7, 90.3, 97.0, 80.7, 93.30000000000001, 91.5, 92.7, 93.0, 93.5, 88.8, 86.6, 86.6, 86.9, 91.8, 90.5, 83.6, 87.7, 94.19999999999999, 92.30000000000001, 90.4, 91.0, 88.7, 89.0, 89.4]
far list: [13.0, 11.200000000000001, 9.9, 9.5, 10.5, 8.9, 13.3, 9.700000000000001, 3.0, 19.3, 6.7, 8.5, 7.3, 7.000000000000001, 6.5, 11.200000000000001, 13.4, 13.4, 13.100000000000001, 8.200000000000001, 9.5, 16.400000000000002, 12.3, 5.800000000000001, 7.7, 9.6, 9.0, 11.3, 11.0, 10.6]
frr list: [5.185185185185185, 3.3333333333333335, 4.814814814814815, 3.3333333333333335, 2.2222222222222223, 1.4814814814814816, 3.7037037037037033, 2.5925925925925926, 4.814814814814815, 5.555555555555555, 1.4814814814814816, 3.7037037037037033, 8.518518518518519, 2.9629629629629632, 2.5925925925925926, 3.3333333333333335, 5.185185185185185, 1.4814814814814816, 5.185185185185185, 1.1111111111111112, 5.9259259259259265, 4.444444444444445, 2.9629629629629632, 1.8518518518518516, 2.9629629629629632, 2.5925925925925926, 2.9629629629629632, 4.444444444444445, 2.9629629629629632, 4.074074074074074]


classifier: svm
method: oos-train
dataset_size: data_oos_plus
30 times random select 12 intents
accuracy: 95.6
recall: 87.9
far: 12.1
frr: 3.2
accuracy list: [95.0, 95.83333333333334, 96.94444444444444, 94.72222222222221, 96.11111111111111, 94.16666666666667, 94.16666666666667, 98.33333333333333, 95.83333333333334, 96.11111111111111, 96.38888888888889, 94.44444444444444, 95.27777777777777, 95.27777777777777, 96.94444444444444, 94.44444444444444, 97.5, 95.55555555555556, 97.22222222222221, 96.38888888888889, 97.22222222222221, 96.38888888888889, 96.11111111111111, 93.61111111111111, 98.05555555555556, 94.16666666666667, 93.61111111111111, 94.72222222222221, 94.16666666666667, 93.88888888888889]
recall list: [83.1, 86.8, 87.2, 90.10000000000001, 91.5, 89.1, 83.8, 87.7, 90.3, 88.2, 82.8, 87.0, 84.89999999999999, 87.8, 93.30000000000001, 87.9, 88.7, 87.6, 89.2, 86.2, 90.0, 87.9, 84.8, 90.0, 89.3, 88.0, 89.1, 86.9, 93.0, 86.1]
far list: [16.900000000000002, 13.200000000000001, 12.8, 9.9, 8.5, 10.9, 16.2, 12.3, 9.700000000000001, 11.799999999999999, 17.2, 13.0, 15.1, 12.2, 6.7, 12.1, 11.3, 12.4, 10.8, 13.8, 10.0, 12.1, 15.2, 10.0, 10.7, 12.0, 10.9, 13.100000000000001, 7.000000000000001, 13.900000000000002]
frr list: [3.3333333333333335, 1.9444444444444444, 2.5, 3.0555555555555554, 3.3333333333333335, 5.0, 4.166666666666666, 1.1111111111111112, 3.3333333333333335, 3.3333333333333335, 2.7777777777777777, 5.555555555555555, 3.888888888888889, 1.6666666666666667, 2.2222222222222223, 5.277777777777778, 2.2222222222222223, 3.3333333333333335, 2.2222222222222223, 3.6111111111111107, 2.2222222222222223, 3.0555555555555554, 2.5, 4.444444444444445, 1.1111111111111112, 3.3333333333333335, 5.277777777777778, 3.3333333333333335, 3.6111111111111107, 4.722222222222222]


